 8523.684135  -0.259789  -0.185936  -0.209395  -0.247651   0.038256  -0.014796  -0.097312
 8523.687248  -0.249184  -0.180988  -0.208624  -0.242734   0.034110  -0.006475  -0.095831
 8523.690651  -0.260152  -0.182419  -0.204791  -0.248408   0.043617  -0.021245  -0.100105
 8523.693857  -0.248287  -0.180852  -0.209868  -0.247077   0.037210  -0.008194  -0.096450
 8523.697121  -0.242033  -0.174774  -0.205890  -0.239836   0.033946  -0.002830  -0.098374
 8523.701045  -0.257111  -0.174797  -0.202265  -0.250329   0.048064  -0.020597  -0.109782
 8523.706635  -0.232093  -0.183419  -0.207364  -0.245731   0.038367  -0.014422  -0.072619
 8523.710339  -0.254520  -0.183212  -0.213557  -0.253015   0.039457  -0.009112  -0.101654
 8523.713464  -0.258581  -0.181326  -0.203139  -0.246161   0.043022  -0.021209  -0.099069
 8523.716809  -0.245789  -0.181246  -0.208730  -0.238326   0.029596  -0.002113  -0.092027
 8523.720142  -0.246406  -0.178473  -0.205942  -0.243858   0.037916  -0.010447  -0.095402
 8523.723290  -0.234683  -0.184050  -0.206071  -0.248492   0.042421  -0.020401  -0.072653
 8523.727341  -0.249304  -0.180373  -0.207291  -0.247816   0.040525  -0.013607  -0.095848
 8523.730697  -0.247305  -0.184164  -0.206333  -0.246405   0.040072  -0.017904  -0.085310
 8523.734031  -0.245706  -0.184519  -0.210289  -0.247753   0.037465  -0.011695  -0.086955
 8523.737248  -0.228686  -0.180963  -0.203346  -0.251415   0.048069  -0.025686  -0.070106
 8523.740813  -0.252952  -0.179896  -0.206792  -0.248215   0.041424  -0.014528  -0.099952
 8523.743938  -0.220656  -0.182672  -0.210404  -0.252076   0.041672  -0.013940  -0.065717
 8529.671841  -0.247045  -0.180614  -0.206629  -0.243319   0.036690  -0.010675  -0.092447
 8529.675162  -0.247188  -0.179875  -0.209362  -0.248784   0.039422  -0.009935  -0.096800
 8529.680625  -0.255676  -0.187463  -0.213086  -0.249132   0.036046  -0.010422  -0.093836
 8529.683808  -0.235382  -0.181712  -0.209237  -0.249241   0.040003  -0.012478  -0.081194
 8529.686956  -0.229858  -0.179851  -0.207458  -0.246036   0.038578  -0.010972  -0.077614
 8529.689989  -0.253501  -0.181058  -0.206647  -0.249838   0.043191  -0.017602  -0.098032
 8529.692998  -0.262737  -0.180853  -0.206752  -0.246700   0.039949  -0.014050  -0.107783
 8529.696273  -0.251579  -0.177773  -0.206954  -0.255566   0.048612  -0.019430  -0.102988
 8529.699584  -0.256397  -0.185086  -0.208582  -0.248498   0.039916  -0.016419  -0.094808
 8529.702616  -0.260804  -0.187452  -0.205922  -0.250228   0.044306  -0.025836  -0.091822
 8529.705672  -0.243188  -0.180358  -0.207570  -0.248764   0.041194  -0.013983  -0.090041
 8529.708831  -0.247477  -0.184940  -0.205721  -0.247934   0.042213  -0.021432  -0.083317
 8529.711956  -0.248519  -0.182564  -0.207699  -0.246624   0.038925  -0.013789  -0.091091
 8529.718114  -0.259425  -0.187539  -0.204546  -0.248631   0.044085  -0.027078  -0.088894
 8529.721412  -0.262447  -0.178911  -0.212276  -0.248923   0.036647  -0.003283  -0.116900
 8529.724722  -0.268082  -0.179112  -0.206142  -0.241066   0.034925  -0.007895  -0.115999
 8529.727836  -0.254607  -0.183484  -0.209461  -0.257890   0.048429  -0.022452  -0.097100
 8529.731077  -0.237791  -0.184170  -0.205222  -0.241776   0.036554  -0.015502  -0.074673
 8529.734202  -0.237540  -0.178653  -0.206907  -0.241999   0.035092  -0.006839  -0.087141
 8529.737211  -0.247939  -0.182712  -0.207808  -0.242882   0.035074  -0.009977  -0.090325
 8529.740417  -0.225826  -0.184228  -0.205772  -0.248981   0.043210  -0.021666  -0.063142
 8529.743762  -0.249076  -0.179963  -0.206763  -0.250846   0.044083  -0.017282  -0.095913
 8529.746945  -0.244832  -0.178479  -0.204280  -0.242078   0.037798  -0.011997  -0.092154
 8529.750104  -0.219757  -0.187318  -0.208688  -0.253706   0.045018  -0.023648  -0.053809
 8529.753299  -0.234908  -0.179832  -0.200241  -0.243610   0.043369  -0.022960  -0.075485
 8529.756412  -0.258940  -0.177669  -0.202065  -0.241954   0.039889  -0.015494  -0.105667
 8529.759352  -0.233940  -0.179556  -0.203238  -0.250330   0.047092  -0.023410  -0.078066
 8541.649224  -0.258641  -0.185254  -0.208255  -0.248863   0.040608  -0.017606  -0.096389
 8541.652558  -0.248080  -0.178624  -0.206882  -0.240665   0.033783  -0.005525  -0.097714
 8541.656030  -0.236410  -0.183831  -0.211002  -0.240959   0.029957  -0.002786  -0.079750
 8541.659178  -0.256336  -0.178051  -0.200894  -0.243796   0.042902  -0.020059  -0.101128
 8541.662812  -0.247856  -0.183611  -0.207216  -0.244694   0.037478  -0.013873  -0.087851
 8541.665891  -0.227897  -0.181364  -0.206949  -0.244024   0.037075  -0.011490  -0.072119
 8541.669236  -0.260381  -0.179969  -0.202371  -0.247638   0.045267  -0.022865  -0.102814
 8541.672546  -0.247640  -0.183601  -0.205824  -0.251234   0.045410  -0.023188  -0.086261
 8541.675671  -0.240936  -0.182682  -0.205424  -0.253551   0.048127  -0.025385  -0.080995
 8541.679005  -0.264765  -0.179210  -0.206942  -0.244777   0.037836  -0.010104  -0.113286
 8541.682419  -0.246228  -0.177327  -0.206110  -0.243561   0.037451  -0.008667  -0.097685
 8541.685567  -0.236724  -0.186054  -0.207365  -0.249640   0.042275  -0.020963  -0.071982
 8541.688993  -0.233714  -0.181237  -0.202768  -0.241039   0.038272  -0.016741  -0.074007
 8541.692095  -0.238012  -0.180565  -0.207154  -0.250370   0.043216  -0.016628  -0.084035
 8541.695278  -0.243798  -0.181091  -0.210463  -0.246946   0.036483  -0.007111  -0.092079
 8541.698958  -0.263903  -0.178395  -0.207907  -0.241315   0.033408  -0.003895  -0.115021
 8541.702037  -0.238945  -0.184884  -0.206620  -0.246599   0.039979  -0.018243  -0.075797
 8541.705405  -0.232167  -0.177261  -0.203051  -0.239315   0.036263  -0.010473  -0.080696
 8541.708646  -0.227504  -0.188419  -0.211828  -0.256437   0.044610  -0.021200  -0.062495
 8541.711771  -0.217312  -0.180878  -0.203778  -0.241329   0.037551  -0.014651  -0.059334
 8541.715127  -0.236166  -0.181241  -0.205202  -0.248051   0.042848  -0.018887  -0.078886
 8541.718403  -0.256826  -0.177132  -0.211047  -0.252176   0.041129  -0.007214  -0.113610
 8541.721562  -0.232377  -0.176965  -0.198324  -0.247319   0.048995  -0.027635  -0.076772
 8541.724896  -0.248245  -0.184233  -0.207582  -0.250775   0.043193  -0.019845  -0.087360
 8541.728102  -0.241524  -0.181792  -0.208164  -0.249760   0.041596  -0.015225  -0.086104
 8541.731296  -0.233292  -0.178045  -0.208552  -0.238243   0.029691   0.000815  -0.085754
 8541.739271  -0.225864  -0.186960  -0.208304  -0.251505   0.043200  -0.021856  -0.060249
 8541.742569  -0.224333  -0.180582  -0.203679  -0.246758   0.043079  -0.019982  -0.066848
 8542.623408  -0.230098  -0.180992  -0.207870  -0.250037   0.042167  -0.015289  -0.075984
 8542.626823  -0.247786  -0.182781  -0.207913  -0.242059   0.034147  -0.009015  -0.090136
 8542.629936  -0.250411  -0.183831  -0.208800  -0.250604   0.041805  -0.016836  -0.091549
 8542.633211  -0.253172  -0.177523  -0.203012  -0.248348   0.045335  -0.019846  -0.101138
 8542.636545  -0.238914  -0.179161  -0.210170  -0.242813   0.032642  -0.001633  -0.090763
 8542.639623  -0.250637  -0.184830  -0.210034  -0.247150   0.037116  -0.011912  -0.091011
 8542.642806  -0.242246  -0.181327  -0.209858  -0.244514   0.034656  -0.006125  -0.089450
 8542.646174  -0.229374  -0.178760  -0.206540  -0.241773   0.035233  -0.007452  -0.078395
 8542.649357  -0.241695  -0.181798  -0.204107  -0.246460   0.042354  -0.020045  -0.082206
 8542.652737  -0.231351  -0.183740  -0.204633  -0.248120   0.043487  -0.022594  -0.068505
 8542.656059  -0.255408  -0.180021  -0.205281  -0.248308   0.043028  -0.017768  -0.100647
 8542.659149  -0.248195  -0.185362  -0.205147  -0.246150   0.041003  -0.021218  -0.082618
 8542.662482  -0.244484  -0.181113  -0.210901  -0.246759   0.035858  -0.006070  -0.093159
 8542.665804  -0.242073  -0.178389  -0.205983  -0.243755   0.037772  -0.010178  -0.091278
 8542.668952  -0.242552  -0.185537  -0.207949  -0.250106   0.042157  -0.019746  -0.079426
 8542.672656  -0.240148  -0.177598  -0.209808  -0.243615   0.033807  -0.001597  -0.094760
 8542.675862  -0.259951  -0.184848  -0.207018  -0.248550   0.041533  -0.019363  -0.097273
 8542.679207  -0.259354  -0.181820  -0.207414  -0.250300   0.042885  -0.017291  -0.103129
 8542.682448  -0.259311  -0.176390  -0.206262  -0.240630   0.034368  -0.004496  -0.112793
 8542.685677  -0.228490  -0.182778  -0.204530  -0.242604   0.038074  -0.016322  -0.067463
 8542.689149  -0.258935  -0.183924  -0.209137  -0.242907   0.033771  -0.008558  -0.100224
 8542.692239  -0.225945  -0.179758  -0.205038  -0.249690   0.044651  -0.019371  -0.071467
 8542.695480  -0.242987  -0.181490  -0.208902  -0.246724   0.037822  -0.010410  -0.088909
 8542.698767  -0.239625  -0.186832  -0.205473  -0.247054   0.041581  -0.022940  -0.071434
 8542.701904  -0.250116  -0.180854  -0.207388  -0.242958   0.035570  -0.009035  -0.095796
 8542.705133  -0.267347  -0.180544  -0.204268  -0.245823   0.041555  -0.017830  -0.110527
 8542.708489  -0.247474  -0.181543  -0.208549  -0.247524   0.038974  -0.011968  -0.092937
 8542.711649  -0.249603  -0.182104  -0.204613  -0.244953   0.040340  -0.017832  -0.090009
 8542.714878  -0.252313  -0.178010  -0.208389  -0.241838   0.033450  -0.003071  -0.104681
 8544.545441  -0.244131  -0.183952  -0.204879  -0.242704   0.037825  -0.016897  -0.081106
 8544.549167  -0.258720  -0.181914  -0.206817  -0.249311   0.042494  -0.017591  -0.101709
 8544.552559  -0.255203  -0.175243  -0.208309  -0.246945   0.038636  -0.005570  -0.113027
 8544.556332  -0.248611  -0.185984  -0.206989  -0.249699   0.042710  -0.021706  -0.083630
 8544.559434  -0.254646  -0.182699  -0.204395  -0.247292   0.042897  -0.021202  -0.093643
 8544.562836  -0.242417  -0.180441  -0.205668  -0.245939   0.040272  -0.015045  -0.087203
 8544.566204  -0.258027  -0.180984  -0.206765  -0.250282   0.043518  -0.017737  -0.102824
 8544.569422  -0.251074  -0.181477  -0.208858  -0.253040   0.044181  -0.016800  -0.096979
 8544.574503  -0.242033  -0.183437  -0.208695  -0.247144   0.038449  -0.013190  -0.083854
 8544.577709  -0.232564  -0.182578  -0.204157  -0.252520   0.048363  -0.026785  -0.071564
 8544.581158  -0.242859  -0.186340  -0.208171  -0.251071   0.042900  -0.021069  -0.078351
 8544.584260  -0.242125  -0.179617  -0.204746  -0.249721   0.044975  -0.019845  -0.087639
 8544.587524  -0.240042  -0.182815  -0.210227  -0.246011   0.035785  -0.008372  -0.084639
 8544.590938  -0.256788  -0.180244  -0.206282  -0.251994   0.045711  -0.019673  -0.102582
 8544.593959  -0.256606  -0.184427  -0.209996  -0.247718   0.037722  -0.012153  -0.097747
 8544.597165  -0.245904  -0.181718  -0.204160  -0.242009   0.037849  -0.015406  -0.086629
 8544.600464  -0.235941  -0.178725  -0.208532  -0.246732   0.038200  -0.008393  -0.087023
 8544.603577  -0.244997  -0.177300  -0.207136  -0.248984   0.041847  -0.012011  -0.097532
 8544.606702  -0.251074  -0.178180  -0.207032  -0.251586   0.044554  -0.015702  -0.101745
 8544.610059  -0.232943  -0.184113  -0.205585  -0.245298   0.039713  -0.018242  -0.070301
 8544.613380  -0.245674  -0.179802  -0.207877  -0.247782   0.039905  -0.011829  -0.093948
 8544.616679  -0.263068  -0.182322  -0.204153  -0.243936   0.039782  -0.017952  -0.102577
 8544.619978  -0.243217  -0.182487  -0.204734  -0.249655   0.044921  -0.022674  -0.082977
 8544.623091  -0.243329  -0.182415  -0.205758  -0.247196   0.041438  -0.018096  -0.084257
 8544.626320  -0.255448  -0.181203  -0.205163  -0.248751   0.043588  -0.019629  -0.098204
 8544.629642  -0.248394  -0.179696  -0.207513  -0.245056   0.037543  -0.009726  -0.096515
 8544.632744  -0.257501  -0.183754  -0.209608  -0.243089   0.033481  -0.007627  -0.099602
 8544.635961  -0.253773  -0.177287  -0.206237  -0.248174   0.041937  -0.012986  -0.105436
 8544.639248  -0.247617  -0.180254  -0.206763  -0.251357   0.044594  -0.018085  -0.093873
 8544.642350  -0.244990  -0.184947  -0.205736  -0.239476   0.033739  -0.012950  -0.080832
 8544.645498  -0.247504  -0.178126  -0.209426  -0.247524   0.038098  -0.006798  -0.100679
 8544.649214  -0.258264  -0.185692  -0.211712  -0.249363   0.037651  -0.011630  -0.098592
 8544.652316  -0.257352  -0.186707  -0.206895  -0.248724   0.041829  -0.021642  -0.090832
 8544.655765  -0.262671  -0.183221  -0.205134  -0.249225   0.044091  -0.022179  -0.101363
 8544.658948  -0.247696  -0.181757  -0.209014  -0.250085   0.041071  -0.013814  -0.093196
 8544.662073  -0.246481  -0.182489  -0.212106  -0.252114   0.040008  -0.010390  -0.093610
 8544.665452  -0.254841  -0.180328  -0.205451  -0.240684   0.035233  -0.010110  -0.099636
 8544.668647  -0.228956  -0.178993  -0.206889  -0.250829   0.043940  -0.016044  -0.077859
 8544.671748  -0.230164  -0.182638  -0.205883  -0.245653   0.039770  -0.016525  -0.070772
 8544.675047  -0.241821  -0.179164  -0.204174  -0.244716   0.040542  -0.015532  -0.087667
 8544.678276  -0.264203  -0.184126  -0.206166  -0.244088   0.037922  -0.015882  -0.102117
 8544.681401  -0.230715  -0.184364  -0.204441  -0.246517   0.042076  -0.022000  -0.066427
 8544.684700  -0.233450  -0.177755  -0.206380  -0.243790   0.037409  -0.008784  -0.084321
 8544.688079  -0.245215  -0.179914  -0.205113  -0.250882   0.045768  -0.020570  -0.090500
 8544.691297  -0.248609  -0.175366  -0.205495  -0.241942   0.036448  -0.006319  -0.103371
 8544.694665  -0.238737  -0.184595  -0.207453  -0.243414   0.035961  -0.013103  -0.077000
 8544.697825  -0.241377  -0.183965  -0.203336  -0.243347   0.040011  -0.020640  -0.076783
 8544.701019  -0.238614  -0.181252  -0.207572  -0.244084   0.036512  -0.010191  -0.083683
 8544.704399  -0.232843  -0.183568  -0.205031  -0.242008   0.036977  -0.015514  -0.070738
 8544.707524  -0.226539  -0.180650  -0.207519  -0.247063   0.039544  -0.012675  -0.072757
 8544.710811  -0.226053  -0.184423  -0.208535  -0.250681   0.042146  -0.018033  -0.065743
 8544.714549  -0.237658  -0.182815  -0.207987  -0.247609   0.039622  -0.014450  -0.080015
 8544.717825  -0.241002  -0.173115  -0.205170  -0.239928   0.034758  -0.002703  -0.099942
 8544.721239  -0.223224  -0.184392  -0.209193  -0.242626   0.033433  -0.008632  -0.063633
 8544.724353  -0.249950  -0.186894  -0.208115  -0.248699   0.040584  -0.019363  -0.084277
 8544.727698  -0.229669  -0.179435  -0.206383  -0.240071   0.033687  -0.006739  -0.077183
 8544.730915  -0.229861  -0.177356  -0.204465  -0.248910   0.044445  -0.017336  -0.079614
 8545.607560  -0.249195  -0.174223  -0.202049  -0.245774   0.043726  -0.015900  -0.102798
 8545.610697  -0.247138  -0.177032  -0.205371  -0.246015   0.040645  -0.012306  -0.098445
 8545.614053  -0.262612  -0.184381  -0.208646  -0.248006   0.039359  -0.015094  -0.102496
 8545.617375  -0.243788  -0.179723  -0.206589  -0.244570   0.037981  -0.011115  -0.090931
 8545.620511  -0.243075  -0.178712  -0.203921  -0.240982   0.037061  -0.011853  -0.089571
 8545.623810  -0.237953  -0.183460  -0.206133  -0.237102   0.030969  -0.008296  -0.077166
 8545.627178  -0.266287  -0.176940  -0.206115  -0.240846   0.034731  -0.005556  -0.118522
 8545.630326  -0.251525  -0.182030  -0.207746  -0.246071   0.038325  -0.012608  -0.095212
 8545.633660  -0.238723  -0.179624  -0.201982  -0.243501   0.041519  -0.019161  -0.081456
 8545.636842  -0.244902  -0.179607  -0.203717  -0.246280   0.042563  -0.018453  -0.089405
 8545.639944  -0.243070  -0.180762  -0.204642  -0.244038   0.039396  -0.015516  -0.086188
 8545.643393  -0.225185  -0.183771  -0.204275  -0.248356   0.044082  -0.023578  -0.061918
 8545.646634  -0.234004  -0.178961  -0.206694  -0.246962   0.040268  -0.012536  -0.082774
 8545.649898  -0.237619  -0.180658  -0.209922  -0.252297   0.042374  -0.013110  -0.086226
 8545.653243  -0.250330  -0.181199  -0.205945  -0.250798   0.044853  -0.020106  -0.093878
 8545.656356  -0.244710  -0.185686  -0.209067  -0.248870   0.039803  -0.016422  -0.082405
 8545.659585  -0.241648  -0.179317  -0.208072  -0.244371   0.036299  -0.007543  -0.091087
 8545.663058  -0.234731  -0.178099  -0.207272  -0.246754   0.039482  -0.010308  -0.085806
 8545.666044  -0.252114  -0.181840  -0.209900  -0.243261   0.033360  -0.005300  -0.098335
 8545.669354  -0.241889  -0.179264  -0.205188  -0.250796   0.045607  -0.019683  -0.088549
 8545.672710  -0.226371  -0.179223  -0.203388  -0.245847   0.042460  -0.018296  -0.071312
 8545.675801  -0.257572  -0.181956  -0.204222  -0.247008   0.042786  -0.020521  -0.097882
 8545.679088  -0.266407  -0.184961  -0.206669  -0.248153   0.041483  -0.019774  -0.103156
 8545.682444  -0.229154  -0.178521  -0.209107  -0.238796   0.029689   0.000896  -0.081217
 8545.685477  -0.243793  -0.180135  -0.205768  -0.240354   0.034586  -0.008952  -0.089292
 8545.688868  -0.248220  -0.183284  -0.205669  -0.246900   0.041232  -0.018847  -0.087322
 8545.692201  -0.260574  -0.181565  -0.203812  -0.246535   0.042724  -0.020477  -0.101255
 8545.695361  -0.263862  -0.177607  -0.202189  -0.245057   0.042868  -0.018285  -0.110837
 8545.699146  -0.261422  -0.181630  -0.209367  -0.248885   0.039519  -0.011782  -0.107529
 8545.702282  -0.246118  -0.179541  -0.204882  -0.249936   0.045055  -0.019714  -0.091917
 8545.705673  -0.243207  -0.181716  -0.205547  -0.245761   0.040213  -0.016381  -0.085323
 8545.708856  -0.267926  -0.179159  -0.208797  -0.244323   0.035526  -0.005889  -0.118405
 8545.711993  -0.250717  -0.181821  -0.202969  -0.247984   0.045016  -0.023868  -0.090044
 8545.715430  -0.251752  -0.180187  -0.205231  -0.245901   0.040670  -0.015626  -0.096610
 8545.718625  -0.237547  -0.179851  -0.206682  -0.245552   0.038870  -0.012039  -0.084527
 8545.721854  -0.254932  -0.181558  -0.208483  -0.254045   0.045563  -0.018638  -0.100299
 8545.725326  -0.261284  -0.177449  -0.202911  -0.246598   0.043687  -0.018224  -0.109299
 8545.728405  -0.246368  -0.182470  -0.206995  -0.246037   0.039042  -0.014517  -0.088423
 8545.731750  -0.260120  -0.182243  -0.211463  -0.250992   0.039529  -0.010308  -0.107098
 8545.735141  -0.263844  -0.183651  -0.207684  -0.244833   0.037149  -0.013116  -0.104226
 8545.738243  -0.249127  -0.186660  -0.206652  -0.247577   0.040925  -0.020933  -0.082459
 8553.587000  -0.240328  -0.181615  -0.204909  -0.246635   0.041726  -0.018433  -0.082007
 8553.590102  -0.253051  -0.177697  -0.203497  -0.241893   0.038396  -0.012596  -0.101155
 8553.593343  -0.245839  -0.178458  -0.205702  -0.248443   0.042741  -0.015496  -0.094626
 8553.597128  -0.239158  -0.181314  -0.204251  -0.244815   0.040563  -0.017626  -0.080782
 8553.600530  -0.245332  -0.177043  -0.204142  -0.244536   0.040394  -0.013296  -0.095387
 8553.603794  -0.242206  -0.178237  -0.202831  -0.245646   0.042815  -0.018221  -0.088564
 8553.606908  -0.244333  -0.185842  -0.205895  -0.243878   0.037983  -0.017929  -0.078545
 8553.610993  -0.246771  -0.181035  -0.204835  -0.248018   0.043183  -0.019384  -0.089535
 8553.614338  -0.249288  -0.183188  -0.210046  -0.250306   0.040260  -0.013402  -0.092958
 8553.617660  -0.243922  -0.180338  -0.206192  -0.247046   0.040854  -0.014999  -0.089439
 8553.620785  -0.243428  -0.180787  -0.205109  -0.239130   0.034020  -0.009697  -0.086964
 8553.624141  -0.240469  -0.181391  -0.204783  -0.243651   0.038868  -0.015476  -0.082471
 8553.627510  -0.246193  -0.179325  -0.206677  -0.250614   0.043937  -0.016585  -0.094220
 8553.630762  -0.240508  -0.179989  -0.205487  -0.250731   0.045244  -0.019745  -0.086018
 8553.634084  -0.231725  -0.180907  -0.204641  -0.244108   0.039466  -0.015732  -0.074552
 8553.637185  -0.255454  -0.178443  -0.204111  -0.246020   0.041909  -0.016241  -0.102679
 8553.640391  -0.240302  -0.179272  -0.207044  -0.245297   0.038253  -0.010480  -0.088803
 8553.644049  -0.258149  -0.180031  -0.207853  -0.249212   0.041359  -0.013537  -0.105940
 8553.647185  -0.240681  -0.179810  -0.204920  -0.243016   0.038096  -0.012986  -0.085982
 8553.650959  -0.237223  -0.180784  -0.207866  -0.249533   0.041668  -0.014587  -0.083520
 8553.654130  -0.237031  -0.179689  -0.201912  -0.247372   0.045460  -0.023236  -0.079566
 8553.659084  -0.247315  -0.181753  -0.209587  -0.246910   0.037322  -0.009487  -0.093397
 8553.662174  -0.229586  -0.184530  -0.206603  -0.244434   0.037831  -0.015758  -0.067129
 8553.665553  -0.242003  -0.182681  -0.204118  -0.243948   0.039830  -0.018392  -0.080760
 8553.668979  -0.242918  -0.179246  -0.208393  -0.241732   0.033339  -0.004193  -0.092818
 8553.672185  -0.255181  -0.182504  -0.203284  -0.247882   0.044598  -0.023818  -0.093458
 8553.676063  -0.244066  -0.180036  -0.205527  -0.248076   0.042549  -0.017059  -0.089520
 8553.679361  -0.240181  -0.176223  -0.208443  -0.249751   0.041308  -0.009088  -0.096178
 8553.682776  -0.237658  -0.183609  -0.205042  -0.234899   0.029857  -0.008424  -0.075483
 8553.685912  -0.247362  -0.179141  -0.203819  -0.251003   0.047184  -0.022505  -0.092900
 8553.690195  -0.240623  -0.174828  -0.207745  -0.246740   0.038995  -0.006078  -0.098712
 8553.695067  -0.249992  -0.184625  -0.202942  -0.245738   0.042796  -0.024479  -0.083685
 8553.698169  -0.256187  -0.181876  -0.208972  -0.251400   0.042428  -0.015332  -0.101406
 8553.701479  -0.229132  -0.182607  -0.205113  -0.245292   0.040178  -0.017672  -0.069032
 8553.706051  -0.246272  -0.181401  -0.204861  -0.251017   0.046156  -0.022696  -0.088330
 8553.709234  -0.234888  -0.183135  -0.204475  -0.246070   0.041594  -0.020254  -0.073094
 8553.712591  -0.250080  -0.183760  -0.203936  -0.248488   0.044552  -0.024376  -0.086496
 8553.715947  -0.265505  -0.181119  -0.205957  -0.248147   0.042190  -0.017352  -0.109223
 8553.718968  -0.262530  -0.182716  -0.209058  -0.245782   0.036724  -0.010383  -0.106156
 8553.722324  -0.245618  -0.183793  -0.211867  -0.249479   0.037612  -0.009538  -0.089899
 8553.725716  -0.269842  -0.181247  -0.207456  -0.248492   0.041036  -0.014828  -0.114804
 8553.729292  -0.242484  -0.186005  -0.213069  -0.247679   0.034610  -0.007546  -0.083543
 8553.732718  -0.254226  -0.186974  -0.207332  -0.247087   0.039755  -0.019398  -0.087609
 8554.585658  -0.244098  -0.182653  -0.206782  -0.244470   0.037688  -0.013559  -0.085575
 8554.588772  -0.261223  -0.172378  -0.206529  -0.247124   0.040595  -0.006445  -0.122995
 8554.592209  -0.248672  -0.181345  -0.207190  -0.245800   0.038610  -0.012765  -0.093172
 8554.595415  -0.240016  -0.184773  -0.207361  -0.243679   0.036318  -0.013730  -0.077831
 8554.598633  -0.230195  -0.182563  -0.204919  -0.249080   0.044162  -0.021806  -0.069988
 8554.603135  -0.237359  -0.182736  -0.207615  -0.245763   0.038147  -0.013268  -0.079503
 8554.606526  -0.254078  -0.183224  -0.208525  -0.245185   0.036660  -0.011360  -0.096154
 8554.609744  -0.245070  -0.182709  -0.206417  -0.249181   0.042764  -0.019057  -0.086068
 8554.614073  -0.230982  -0.180262  -0.209058  -0.247431   0.038372  -0.009576  -0.079517
 8554.617556  -0.253149  -0.182498  -0.204308  -0.247962   0.043654  -0.021845  -0.092460
 8554.620762  -0.243272  -0.180306  -0.204476  -0.249658   0.045183  -0.021013  -0.087136
 8554.627695  -0.233200  -0.178699  -0.208860  -0.249223   0.040363  -0.010202  -0.084662
 8554.632093  -0.250519  -0.183137  -0.207505  -0.237444   0.029939  -0.005571  -0.091750
 8554.636862  -0.250884  -0.186845  -0.208381  -0.245796   0.037416  -0.015880  -0.085574
 8554.640091  -0.225847  -0.181944  -0.207689  -0.239694   0.032006  -0.006261  -0.069647
 8554.646897  -0.247340  -0.183624  -0.208752  -0.249936   0.041184  -0.016056  -0.088844
 8554.650265  -0.246012  -0.180247  -0.205954  -0.243010   0.037057  -0.011350  -0.091472
 8554.653644  -0.252322  -0.180866  -0.204374  -0.247304   0.042929  -0.019421  -0.094964
 8554.657579  -0.239827  -0.186526  -0.206926  -0.243805   0.036879  -0.016479  -0.073701
 8554.660751  -0.246744  -0.182455  -0.203988  -0.249564   0.045576  -0.024043  -0.085821
 8554.664119  -0.240822  -0.183588  -0.203504  -0.248518   0.045014  -0.025099  -0.077149
 8554.667498  -0.243073  -0.182548  -0.205588  -0.246797   0.041209  -0.018168  -0.083566
 8554.670809  -0.249909  -0.182675  -0.206102  -0.251384   0.045282  -0.021855  -0.090661
 8554.677927  -0.233337  -0.187789  -0.208919  -0.250669   0.041750  -0.020620  -0.066679
 8556.581465  -0.253180  -0.181301  -0.210362  -0.251500   0.041138  -0.012078  -0.100939
 8556.584486  -0.254725  -0.182270  -0.204243  -0.252743   0.048500  -0.026527  -0.094429
 8556.587958  -0.245931  -0.174504  -0.207786  -0.245400   0.037614  -0.004332  -0.104710
 8556.592831  -0.239209  -0.182181  -0.205402  -0.253298   0.047896  -0.024675  -0.080249
 8556.596164  -0.240211  -0.179526  -0.208490  -0.245112   0.036623  -0.007659  -0.089649
 8556.599683  -0.235619  -0.181009  -0.208802  -0.247967   0.039165  -0.011372  -0.082403
 8556.602773  -0.246669  -0.178510  -0.205292  -0.240404   0.035113  -0.008331  -0.094941
 8556.609857  -0.247351  -0.179716  -0.205248  -0.245027   0.039780  -0.014248  -0.093168
 8556.621095  -0.267003  -0.176507  -0.208848  -0.245354   0.036506  -0.004165  -0.122837
 8556.627438  -0.250970  -0.182403  -0.207751  -0.240748   0.032997  -0.007650  -0.093915
 8556.630655  -0.235626  -0.183068  -0.202816  -0.242266   0.039450  -0.019702  -0.072306
 8556.635991  -0.242278  -0.177564  -0.206075  -0.244788   0.038713  -0.010203  -0.093225
 8556.640505  -0.244616  -0.182197  -0.210136  -0.244537   0.034401  -0.006462  -0.090359
 8556.644058  -0.243204  -0.180375  -0.207696  -0.245415   0.037720  -0.010398  -0.090151
 8556.647229  -0.261566  -0.186035  -0.211281  -0.248210   0.036929  -0.011682  -0.100777
 8556.651338  -0.253976  -0.182749  -0.203880  -0.248256   0.044376  -0.023244  -0.092359
 8556.655088  -0.218792  -0.183306  -0.210374  -0.247101   0.036727  -0.009659  -0.062554
 8556.658178  -0.223247  -0.179283  -0.207789  -0.242654   0.034865  -0.006358  -0.072471
 8556.662819  -0.252266  -0.184436  -0.208390  -0.245743   0.037353  -0.013399  -0.091784
 8556.668734  -0.255520  -0.177489  -0.204223  -0.242683   0.038461  -0.011726  -0.104766
 8556.671940  -0.239543  -0.182214  -0.205175  -0.242699   0.037524  -0.014563  -0.080289
 8556.676720  -0.222778  -0.184125  -0.209519  -0.245565   0.036045  -0.010651  -0.064047
 8556.680053  -0.229369  -0.180331  -0.204687  -0.241077   0.036390  -0.012034  -0.073395
 8556.683306  -0.231853  -0.180757  -0.207809  -0.252566   0.044757  -0.017706  -0.078146
 8556.688282  -0.255996  -0.172897  -0.205468  -0.248522   0.043054  -0.010482  -0.115670
 8556.691326  -0.247954  -0.176759  -0.205759  -0.237927   0.032168  -0.003168  -0.100194
 8556.695377  -0.231586  -0.184568  -0.214284  -0.253468   0.039185  -0.009469  -0.076733
 8556.699718  -0.251309  -0.186931  -0.209939  -0.246339   0.036401  -0.013393  -0.087385
 8556.705053  -0.259223  -0.182086  -0.212217  -0.239054   0.026837   0.003293  -0.107268
 8556.708456  -0.227520  -0.181404  -0.204125  -0.248333   0.044208  -0.021488  -0.068836
 8556.712519  -0.243578  -0.182874  -0.214507  -0.247823   0.033316  -0.001684  -0.092335
 8556.716107  -0.263661  -0.181155  -0.206044  -0.236834   0.030790  -0.005902  -0.107394
 8556.719313  -0.258805  -0.182144  -0.207017  -0.243767   0.036750  -0.011877  -0.101534
 8556.723063  -0.246562  -0.187764  -0.213479  -0.247107   0.033627  -0.007912  -0.084513
 8556.726442  -0.256821  -0.180422  -0.212154  -0.247254   0.035101  -0.003370  -0.108130
 8556.729903  -0.253360  -0.183182  -0.209795  -0.247426   0.037631  -0.011018  -0.096792
 8556.733132  -0.251781  -0.177114  -0.205900  -0.247364   0.041465  -0.012679  -0.103453
 8557.578661  -0.243003  -0.177463  -0.203472  -0.244552   0.041080  -0.015070  -0.091550
 8557.581855  -0.255138  -0.182523  -0.205573  -0.243475   0.037902  -0.014852  -0.095664
 8557.585825  -0.223536  -0.185072  -0.207389  -0.246758   0.039369  -0.017052  -0.060781
 8557.588881  -0.245291  -0.178306  -0.207893  -0.244224   0.036331  -0.006744  -0.096571
 8557.592897  -0.256918  -0.180439  -0.207155  -0.249232   0.042077  -0.015361  -0.103195
 8557.598140  -0.253680  -0.178476  -0.207565  -0.245562   0.037997  -0.008908  -0.104293
 8557.601288  -0.245674  -0.181710  -0.205513  -0.248721   0.043207  -0.019404  -0.087767
 8557.605397  -0.255885  -0.184934  -0.203893  -0.246198   0.042305  -0.023346  -0.089910
 8557.608765  -0.259426  -0.179746  -0.205989  -0.243641   0.037653  -0.011410  -0.105922
 8557.612284  -0.244616  -0.184106  -0.207631  -0.246252   0.038621  -0.015096  -0.084035
 8557.615605  -0.256126  -0.181532  -0.203120  -0.248243   0.045123  -0.023534  -0.096184
 8557.620941  -0.251811  -0.183972  -0.207734  -0.240720   0.032986  -0.009225  -0.091600
 8557.628950  -0.247163  -0.181089  -0.206807  -0.249879   0.043072  -0.017354  -0.091792
 8557.632434  -0.271543  -0.175621  -0.202414  -0.248161   0.045747  -0.018954  -0.122715
 8557.635790  -0.234615  -0.177198  -0.204125  -0.239883   0.035758  -0.008831  -0.084344
 8557.638858  -0.237427  -0.183198  -0.205053  -0.247386   0.042333  -0.020477  -0.076085
 8557.642966  -0.264485  -0.178136  -0.207591  -0.250116   0.042525  -0.013070  -0.115804
 8557.651948  -0.233417  -0.177790  -0.208387  -0.242422   0.034036  -0.003439  -0.086223
 8557.655154  -0.240879  -0.179545  -0.205780  -0.243574   0.037794  -0.011559  -0.087568
 8557.658233  -0.263670  -0.178863  -0.203471  -0.244307   0.040836  -0.016228  -0.109415
 8557.662388  -0.239816  -0.177251  -0.201997  -0.249292   0.047295  -0.022549  -0.087311
 8557.666172  -0.247773  -0.177593  -0.205533  -0.239910   0.034377  -0.006436  -0.098121
 8557.669228  -0.256393  -0.176047  -0.202214  -0.236748   0.034533  -0.008366  -0.106514
 8557.674205  -0.248317  -0.182293  -0.206927  -0.244398   0.037470  -0.012836  -0.090658
 8557.677376  -0.239654  -0.181821  -0.205429  -0.241579   0.036150  -0.012542  -0.081440
 8557.680640  -0.243418  -0.188914  -0.208498  -0.250008   0.041510  -0.021926  -0.074088
 8557.684355  -0.239580  -0.181184  -0.204039  -0.246233   0.042193  -0.019337  -0.081253
 8557.688209  -0.238933  -0.179747  -0.205098  -0.252694   0.047597  -0.022246  -0.084537
 8557.691277  -0.257932  -0.179725  -0.208403  -0.240887   0.032485  -0.003807  -0.106883
 8557.694946  -0.248777  -0.182207  -0.209684  -0.252885   0.043201  -0.015724  -0.094047
 8557.698198  -0.233455  -0.179709  -0.203945  -0.254107   0.050162  -0.025925  -0.077983
 8557.702272  -0.247186  -0.183029  -0.206226  -0.253292   0.047066  -0.023868  -0.087355
 8557.705466  -0.249964  -0.178679  -0.206493  -0.241767   0.035274  -0.007459  -0.099100
 8557.709263  -0.237340  -0.178133  -0.206640  -0.246760   0.040120  -0.011613  -0.087714
 8557.713152  -0.238647  -0.181785  -0.202549  -0.245925   0.043377  -0.022613  -0.077626
 8557.716265  -0.255753  -0.184194  -0.204547  -0.242327   0.037780  -0.017427  -0.091911
 8557.720281  -0.266161  -0.181847  -0.208652  -0.253838   0.045186  -0.018381  -0.111119
 8557.723534  -0.257521  -0.183502  -0.205921  -0.243120   0.037199  -0.014780  -0.096438
 8585.393292  -0.259696  -0.180314  -0.206833  -0.250664   0.043831  -0.017311  -0.105902
 8585.399102  -0.223799  -0.183858  -0.199438  -0.247773   0.048335  -0.032754  -0.055522
 8585.402250  -0.264164  -0.178729  -0.204499  -0.246463   0.041964  -0.016194  -0.111206
 8585.406833  -0.243757  -0.178140  -0.198987  -0.247569   0.048582  -0.027735  -0.086464
 8585.412065  -0.257549  -0.183846  -0.210489  -0.240478   0.029990  -0.003347  -0.100345
 8585.415896  -0.269941  -0.181255  -0.205479  -0.244622   0.039143  -0.014920  -0.112909
 8585.419055  -0.234384  -0.180266  -0.202823  -0.247817   0.044993  -0.022436  -0.076676
 8585.422921  -0.242231  -0.179268  -0.204309  -0.246632   0.042323  -0.017282  -0.088003
 8585.426185  -0.233104  -0.181384  -0.205677  -0.240236   0.034559  -0.010266  -0.076012
 8585.430062  -0.246148  -0.191332  -0.209877  -0.254766   0.044889  -0.026343  -0.073362
 8585.433940  -0.243212  -0.176324  -0.207093  -0.239455   0.032362  -0.001592  -0.097657
 8585.437111  -0.242840  -0.183592  -0.204968  -0.241919   0.036952  -0.015576  -0.080625
 8585.441139  -0.243034  -0.180376  -0.209916  -0.250474   0.040557  -0.011018  -0.092197
 8585.447435  -0.253027  -0.180683  -0.205422  -0.238395   0.032973  -0.008234  -0.097082
 8585.450826  -0.214951  -0.180921  -0.202490  -0.240139   0.037649  -0.016080  -0.055598
 8585.454437  -0.265956  -0.183378  -0.208182  -0.241019   0.032838  -0.008035  -0.107381
 8585.457597  -0.262245  -0.180323  -0.204392  -0.237750   0.033358  -0.009290  -0.105990
 8585.461092  -0.244924  -0.183692  -0.206216  -0.247392   0.041176  -0.018652  -0.083756
 8585.464611  -0.237658  -0.182599  -0.206354  -0.236889   0.030535  -0.006781  -0.078813
 8585.468118  -0.242467  -0.183125  -0.203009  -0.246207   0.043198  -0.023314  -0.079225
 8585.471521  -0.251875  -0.177784  -0.209079  -0.247007   0.037928  -0.006633  -0.105386
 8585.475618  -0.236455  -0.176619  -0.207663  -0.244130   0.036467  -0.005424  -0.090879
 8585.479808  -0.244186  -0.181848  -0.203700  -0.243617   0.039917  -0.018065  -0.084190
 8585.485120  -0.243203  -0.183704  -0.208697  -0.246768   0.038071  -0.013079  -0.084492
 8585.488280  -0.244766  -0.181068  -0.209323  -0.245344   0.036021  -0.007765  -0.091954
 8585.492435  -0.254281  -0.180239  -0.203817  -0.245511   0.041694  -0.018116  -0.097621
 8585.496579  -0.256000  -0.183481  -0.209288  -0.253153   0.043864  -0.018057  -0.098327
 8585.501602  -0.247111  -0.181010  -0.204941  -0.247302   0.042361  -0.018430  -0.090032
 8585.504669  -0.245518  -0.184326  -0.203026  -0.249877   0.046851  -0.028152  -0.079891
 8585.508199  -0.259015  -0.183947  -0.212851  -0.249682   0.036831  -0.007927  -0.103972
 8585.512678  -0.238992  -0.176739  -0.205384  -0.244811   0.039426  -0.010781  -0.090898
 8585.515780  -0.240234  -0.180943  -0.205550  -0.250881   0.045331  -0.020724  -0.083898
 8585.519322  -0.222691  -0.180649  -0.207762  -0.243411   0.035650  -0.008537  -0.069154
 8585.522921  -0.250780  -0.183925  -0.203780  -0.243467   0.039687  -0.019831  -0.086711
 8585.527609  -0.237371  -0.179311  -0.203967  -0.248779   0.044812  -0.020155  -0.082716
 8585.533778  -0.228616  -0.179679  -0.204888  -0.239941   0.035053  -0.009844  -0.074146
 8585.537215  -0.241101  -0.182996  -0.207695  -0.244957   0.037262  -0.012563  -0.082803
 8585.545664  -0.260505  -0.179008  -0.205241  -0.241918   0.036677  -0.010443  -0.107732
 8585.549067  -0.229352  -0.179023  -0.205704  -0.248775   0.043071  -0.016389  -0.077011
 8585.553361  -0.259999  -0.180424  -0.205257  -0.246419   0.041161  -0.016328  -0.104408
 8585.558187  -0.243579  -0.180709  -0.208342  -0.245056   0.036714  -0.009081  -0.090502
 8585.561417  -0.252019  -0.181996  -0.206863  -0.242454   0.035591  -0.010725  -0.094889
 8585.565005  -0.249170  -0.177962  -0.204971  -0.251967   0.046996  -0.019987  -0.098217
 8585.568373  -0.232212  -0.181209  -0.203189  -0.250369   0.047180  -0.025200  -0.072983
 8585.571926  -0.253051  -0.182691  -0.206818  -0.247032   0.040213  -0.016086  -0.094488
 8585.575433  -0.262300  -0.185835  -0.205294  -0.240104   0.034810  -0.015350  -0.095924
 8585.580815  -0.237482  -0.182495  -0.205138  -0.244803   0.039665  -0.017022  -0.077629
 8585.584067  -0.267129  -0.178473  -0.200452  -0.244436   0.043984  -0.022005  -0.110635
 8585.589819  -0.238279  -0.174045  -0.203406  -0.248194   0.044788  -0.015426  -0.093596
 8585.594669  -0.255932  -0.178211  -0.211380  -0.248035   0.036655  -0.003486  -0.110891
 8585.598025  -0.249125  -0.185773  -0.207874  -0.256268   0.048394  -0.026293  -0.085454
 8585.603697  -0.253371  -0.184344  -0.206960  -0.252019   0.045059  -0.022442  -0.091644
 8585.607215  -0.257065  -0.183010  -0.210034  -0.245954   0.035920  -0.008895  -0.101079
 8585.611278  -0.231441  -0.180376  -0.208246  -0.247638   0.039391  -0.011522  -0.078934
 8585.614576  -0.260071  -0.186159  -0.210269  -0.251369   0.041100  -0.016991  -0.098022
 8585.619553  -0.242157  -0.187283  -0.205616  -0.245897   0.040280  -0.021948  -0.073207
 8585.622724  -0.248971  -0.178754  -0.204912  -0.252333   0.047421  -0.021262  -0.096376
 8585.627134  -0.241003  -0.180576  -0.207564  -0.245760   0.038197  -0.011209  -0.087415
 8585.630919  -0.241853  -0.184120  -0.208813  -0.250901   0.042089  -0.017397  -0.082424
 8585.636081  -0.243406  -0.184921  -0.212028  -0.247786   0.035758  -0.008651  -0.085591
 8585.639252  -0.241903  -0.181913  -0.205738  -0.254118   0.048380  -0.024555  -0.083815
 8585.642944  -0.247787  -0.181992  -0.202545  -0.247153   0.044609  -0.024057  -0.086346
 8585.646023  -0.274506  -0.182306  -0.205728  -0.245229   0.039501  -0.016079  -0.115622
 8585.650190  -0.252008  -0.178915  -0.205346  -0.245889   0.040543  -0.014112  -0.099524
 8585.654079  -0.231679  -0.186738  -0.205609  -0.254900   0.049291  -0.030420  -0.063811
 8585.657250  -0.242267  -0.176953  -0.212191  -0.246963   0.034772   0.000466  -0.100553
 8585.661474  -0.252574  -0.180052  -0.206975  -0.252553   0.045577  -0.018654  -0.099445
 8585.665444  -0.241154  -0.187056  -0.204888  -0.249211   0.044324  -0.026492  -0.071930
 8585.669333  -0.236347  -0.176613  -0.205077  -0.243310   0.038233  -0.009769  -0.088198
 8585.672435  -0.252728  -0.179683  -0.210244  -0.255687   0.045442  -0.014881  -0.103605
 8585.676104  -0.239171  -0.182550  -0.212847  -0.258765   0.045918  -0.015622  -0.086918
 8585.679310  -0.244102  -0.179212  -0.203134  -0.246597   0.043462  -0.019540  -0.088812
 8585.683187  -0.232037  -0.177793  -0.211346  -0.251838   0.040492  -0.006938  -0.087796
 8585.686266  -0.235008  -0.174778  -0.210933  -0.251474   0.040540  -0.004384  -0.096386
 8585.690826  -0.229946  -0.172802  -0.205879  -0.243951   0.038072  -0.004995  -0.090221
 8604.467400  -0.256185  -0.182358  -0.207961  -0.252792   0.044831  -0.019227  -0.099431
 8604.471034  -0.243553  -0.181954  -0.207899  -0.248630   0.040731  -0.014786  -0.087544
 8604.474356  -0.240237  -0.183099  -0.209377  -0.250522   0.041145  -0.014867  -0.083415
 8604.478129  -0.251432  -0.186184  -0.212558  -0.247583   0.035025  -0.008651  -0.091623
 8604.481451  -0.250011  -0.185381  -0.209700  -0.248571   0.038871  -0.014552  -0.088948
 8604.484715  -0.213103  -0.181566  -0.202197  -0.246299   0.044103  -0.023472  -0.052167
 8604.488083  -0.242152  -0.179906  -0.199864  -0.247144   0.047280  -0.027321  -0.082205
 8604.509275  -0.256849  -0.179661  -0.205917  -0.251523   0.045606  -0.019350  -0.103444
 8604.512458  -0.245582  -0.176492  -0.208439  -0.249474   0.041035  -0.009088  -0.101038
 8604.515513  -0.241755  -0.178082  -0.208043  -0.253069   0.045026  -0.015065  -0.093634
 8604.518812  -0.251457  -0.178229  -0.208507  -0.239534   0.031026  -0.000748  -0.103506
 8604.522284  -0.261275  -0.185982  -0.209885  -0.246838   0.036953  -0.013050  -0.099196
 8604.525374  -0.242825  -0.185927  -0.208771  -0.244319   0.035548  -0.012704  -0.079742
 8604.531682  -0.223811  -0.181395  -0.210089  -0.245987   0.035898  -0.007205  -0.071109
 8604.534969  -0.240425  -0.181520  -0.208057  -0.248562   0.040504  -0.013967  -0.085443
 8604.538499  -0.250220  -0.186450  -0.208570  -0.245934   0.037364  -0.015244  -0.085889
 8604.541717  -0.229378  -0.178389  -0.205936  -0.242802   0.036866  -0.009319  -0.078536
 8604.544958  -0.251037  -0.181409  -0.204801  -0.253209   0.048409  -0.025017  -0.093019
 8604.548245  -0.256985  -0.182680  -0.205322  -0.251828   0.046506  -0.023863  -0.096948
 8604.551300  -0.245313  -0.183876  -0.206546  -0.248646   0.042099  -0.019429  -0.084107
 8604.555849  -0.238372  -0.180487  -0.204615  -0.245663   0.041047  -0.016919  -0.082014
 8604.559171  -0.249983  -0.180748  -0.206749  -0.252838   0.046088  -0.020087  -0.095237
 8604.562307  -0.241042  -0.180676  -0.203345  -0.254105   0.050760  -0.028092  -0.083034
 8604.565374  -0.247861  -0.178759  -0.206602  -0.250466   0.043864  -0.016022  -0.096945
 8604.568673  -0.239614  -0.184013  -0.206884  -0.249055   0.042170  -0.019299  -0.078473
 8604.572006  -0.239699  -0.182595  -0.209282  -0.247430   0.038149  -0.011462  -0.083790
 8604.575050  -0.235271  -0.181353  -0.205116  -0.248112   0.042996  -0.019232  -0.077682
 8604.581323  -0.244242  -0.181225  -0.206095  -0.249059   0.042964  -0.018094  -0.087887
 8604.584529  -0.230741  -0.181656  -0.205501  -0.250215   0.044713  -0.020868  -0.072930
 8604.610965  -0.243218  -0.181764  -0.213800  -0.255715   0.041914  -0.009878  -0.093491
 8604.614078  -0.246881  -0.177492  -0.207701  -0.253577   0.045877  -0.015668  -0.099597
 8604.617377  -0.217939  -0.174752  -0.206768  -0.246333   0.039566  -0.007550  -0.075202
 8604.623661  -0.244866  -0.185825  -0.213213  -0.242677   0.029464  -0.002075  -0.086430
 8604.626925  -0.227326  -0.177222  -0.208019  -0.257234   0.049215  -0.018419  -0.080900
 8604.630166  -0.217255  -0.170623  -0.202801  -0.236363   0.033562  -0.001384  -0.078810
 8604.633152  -0.228502  -0.180436  -0.210240  -0.247662   0.037422  -0.007617  -0.077871
 8604.636265  -0.229877  -0.180226  -0.203865  -0.244449   0.040583  -0.016944  -0.073290
 8604.639587  -0.220215  -0.178247  -0.206195  -0.243572   0.037377  -0.009429  -0.069916
 8604.642782  -0.239646  -0.176562  -0.206976  -0.251400   0.044424  -0.014010  -0.093498
 8604.645930  -0.215510  -0.174421  -0.205718  -0.243569   0.037850  -0.006553  -0.072387
 8604.649240  -0.235722  -0.172352  -0.206962  -0.247298   0.040336  -0.005725  -0.097981
 8610.439316  -0.220671  -0.175476  -0.205585  -0.247273   0.041688  -0.011579  -0.075303
 8610.442627  -0.255091  -0.183185  -0.207209  -0.244142   0.036934  -0.012909  -0.095930
 8610.445717  -0.255560  -0.183306  -0.205432  -0.250877   0.045444  -0.023318  -0.094381
 8610.448761  -0.248130  -0.179213  -0.207040  -0.250417   0.043377  -0.015551  -0.096743
 8610.452013  -0.248882  -0.184000  -0.206786  -0.242005   0.035219  -0.012433  -0.087668
 8610.455335  -0.254763  -0.180537  -0.208301  -0.244257   0.035957  -0.008193  -0.101989
 8610.458552  -0.241348  -0.184135  -0.206250  -0.247641   0.041392  -0.019277  -0.079328
 8610.461782  -0.252529  -0.181882  -0.205966  -0.249192   0.043225  -0.019141  -0.094730
 8610.465046  -0.248039  -0.178434  -0.209546  -0.249849   0.040303  -0.009191  -0.100717
 8610.468171  -0.233070  -0.181160  -0.204446  -0.249505   0.045060  -0.021774  -0.075196
 8610.471446  -0.259638  -0.182427  -0.212388  -0.244917   0.032529  -0.002569  -0.107171
 8610.474224  -0.243896  -0.183674  -0.214282  -0.254764   0.040482  -0.009875  -0.090829
 8610.476967  -0.256903  -0.184084  -0.213227  -0.247414   0.034187  -0.005044  -0.101962
 8610.480346  -0.230657  -0.179298  -0.206331  -0.245744   0.039413  -0.012381  -0.078392
 8610.483448  -0.243898  -0.179364  -0.205187  -0.245548   0.040361  -0.014537  -0.090358
 8610.486631  -0.241542  -0.180959  -0.206609  -0.247487   0.040878  -0.015229  -0.086233
 8610.491122  -0.231293  -0.179797  -0.208989  -0.245040   0.036051  -0.006859  -0.080687
 8610.494432  -0.248933  -0.186418  -0.207811  -0.249157   0.041346  -0.019952  -0.083908
 8610.517430  -0.259492  -0.180465  -0.209245  -0.254072   0.044827  -0.016047  -0.107807
 8610.520566  -0.262942  -0.180436  -0.202682  -0.242596   0.039914  -0.017668  -0.104752
 8610.523587  -0.253799  -0.182029  -0.206271  -0.247556   0.041285  -0.017042  -0.096013
 8610.526770  -0.253068  -0.171676  -0.205179  -0.231612   0.026433   0.007071  -0.114895
 8610.530138  -0.234116  -0.188184  -0.204933  -0.249576   0.044643  -0.027895  -0.062680
 8610.533367  -0.250724  -0.181989  -0.211511  -0.243314   0.031803  -0.002281  -0.098257
 8610.539895  -0.257700  -0.178505  -0.202714  -0.249629   0.046915  -0.022706  -0.103404
 8610.542985  -0.251745  -0.183571  -0.210898  -0.255409   0.044511  -0.017184  -0.095501
 8610.546226  -0.260203  -0.181170  -0.201543  -0.240562   0.039018  -0.018645  -0.099406
 8610.549606  -0.235523  -0.178875  -0.205368  -0.244986   0.039617  -0.013124  -0.083141
 8610.552684  -0.243283  -0.175879  -0.205354  -0.243849   0.038495  -0.009020  -0.096879
 8610.555960  -0.250179  -0.185889  -0.208564  -0.248948   0.040384  -0.017709  -0.086965
 8610.559258  -0.235808  -0.179170  -0.207506  -0.244595   0.037089  -0.008752  -0.084975
 8610.562291  -0.239036  -0.179361  -0.205318  -0.253800   0.048482  -0.022525  -0.085633
 8610.565462  -0.237238  -0.184463  -0.208555  -0.246910   0.038355  -0.014263  -0.076867
 8610.568761  -0.258437  -0.186626  -0.213285  -0.250180   0.036895  -0.010236  -0.098470
 8610.570601  -0.251633  -0.184450  -0.212561  -0.246647   0.034086  -0.005975  -0.095295
 8610.573344  -0.250288  -0.178647  -0.207089  -0.254927   0.047837  -0.019395  -0.100083
