 8522.670999  -3.351983  -3.339336  -3.296712  -3.257352  -0.039360  -0.003263   0.029976
 8522.672549  -3.360242  -3.334305  -3.296136  -3.251994  -0.044142   0.005973   0.012232
 8522.674019  -3.345803  -3.336560  -3.298259  -3.255684  -0.042575   0.004274   0.029057
 8522.675443  -3.345146  -3.333882  -3.296078  -3.255134  -0.040944   0.003139   0.026541
 8522.676843  -3.338233  -3.336331  -3.297120  -3.255544  -0.041577   0.002365   0.037309
 8522.678256  -3.344632  -3.329067  -3.297626  -3.244952  -0.052674   0.021232   0.015877
 8522.679633  -3.349128  -3.328282  -3.291678  -3.250208  -0.041471   0.004867   0.015758
 8522.681056  -3.334326  -3.326954  -3.291009  -3.246221  -0.044788   0.008843   0.028573
 8522.682434  -3.342765  -3.326676  -3.292634  -3.246853  -0.045781   0.011739   0.017953
 8522.683823  -3.340464  -3.325162  -3.293634  -3.250533  -0.043100   0.011572   0.016226
 8522.685177  -3.340466  -3.321769  -3.284564  -3.248758  -0.035806  -0.001399   0.018508
 8522.686589  -3.322425  -3.324014  -3.284651  -3.243468  -0.041182   0.001819   0.040952
 8522.687966  -3.331474  -3.321646  -3.284947  -3.248501  -0.036445  -0.000254   0.026871
 8522.689378  -3.350244  -3.314075  -3.284238  -3.243221  -0.041017   0.011180  -0.006332
 8522.690721  -3.351102  -3.315851  -3.283973  -3.249271  -0.034702   0.002824  -0.003373
 8522.692133  -3.320153  -3.316114  -3.285616  -3.239837  -0.045779   0.015281   0.026458
 8522.693499  -3.332201  -3.315326  -3.280567  -3.241388  -0.039180   0.004421   0.017884
 8522.694911  -3.345534  -3.311863  -3.280704  -3.235960  -0.044744   0.013585  -0.002512
 8522.696253  -3.353989  -3.313453  -3.280347  -3.242636  -0.037710   0.004605  -0.007430
 8522.697677  -3.333638  -3.311394  -3.278256  -3.240435  -0.037821   0.004683   0.010893
 8522.699054  -3.333849  -3.313424  -3.279172  -3.241684  -0.037488   0.003236   0.013827
 8522.700489  -3.342919  -3.312458  -3.281510  -3.239678  -0.041831   0.010883   0.000488
 8522.701843  -3.332933  -3.310214  -3.276694  -3.237868  -0.038826   0.005306   0.010801
 8522.703232  -3.321347  -3.312983  -3.282490  -3.239290  -0.043199   0.012706   0.022128
 8522.704575  -3.316446  -3.318755  -3.284091  -3.243279  -0.040812   0.006148   0.036972
 8522.705987  -3.334055  -3.318547  -3.284715  -3.238834  -0.045881   0.012049   0.018323
 8522.707364  -3.339913  -3.322846  -3.285001  -3.249490  -0.035510  -0.002335   0.020777
 8522.708742  -3.342597  -3.322985  -3.292471  -3.244629  -0.047842   0.017327   0.010903
 8522.710107  -3.344544  -3.326641  -3.292513  -3.251961  -0.040552   0.006425   0.016224
 8522.711519  -3.358226  -3.327262  -3.295302  -3.251882  -0.043419   0.011459   0.000997
 8522.712955  -3.342119  -3.331004  -3.296752  -3.248941  -0.047811   0.013559   0.023137
 8522.714320  -3.331223  -3.333087  -3.298052  -3.253422  -0.044629   0.009594   0.036899
 8522.715686  -3.343455  -3.334252  -3.300113  -3.257751  -0.042362   0.008224   0.024935
 8522.717087  -3.345929  -3.334254  -3.300707  -3.257327  -0.043380   0.009833   0.021872
 8522.718452  -3.350582  -3.339283  -3.299719  -3.260602  -0.039117  -0.000447   0.028265
 8522.719841  -3.333178  -3.335394  -3.299907  -3.255582  -0.044325   0.008839   0.037701
 8522.721207  -3.344305  -3.335557  -3.298078  -3.260990  -0.037088  -0.000390   0.028730
 8522.722619  -3.346416  -3.334387  -3.297984  -3.257100  -0.040884   0.004482   0.024373
 8522.723973  -3.350611  -3.333780  -3.297186  -3.254588  -0.042599   0.006005   0.019763
 8522.725374  -3.346131  -3.330854  -3.301154  -3.249993  -0.051161   0.021461   0.014423
 8522.726728  -3.341534  -3.332800  -3.295168  -3.254205  -0.040963   0.003331   0.028898
 8522.728117  -3.346085  -3.327848  -3.292909  -3.248514  -0.044395   0.009456   0.016701
 8522.729506  -3.355221  -3.326079  -3.293587  -3.252897  -0.040690   0.008199   0.003350
 8522.730894  -3.337910  -3.326482  -3.293294  -3.246515  -0.046778   0.013590   0.021761
 8522.732260  -3.334236  -3.325200  -3.288450  -3.247688  -0.040762   0.004011   0.027714
 8522.733661  -3.341104  -3.321087  -3.291591  -3.244396  -0.047195   0.017699   0.009479
 8522.735026  -3.340060  -3.322638  -3.287843  -3.252113  -0.035731   0.000936   0.017372
 8522.736438  -3.335552  -3.321480  -3.288096  -3.246172  -0.041924   0.008539   0.019313
 8522.737839  -3.338896  -3.324288  -3.283843  -3.252707  -0.031136  -0.009309   0.025837
 8522.739251  -3.346710  -3.325559  -3.287004  -3.247384  -0.039619   0.001064   0.017405
 8522.740593  -3.335475  -3.327347  -3.288297  -3.251492  -0.036805  -0.002245   0.030922
 8522.741994  -3.334000  -3.323334  -3.288450  -3.242965  -0.045485   0.010601   0.024219
 8522.743383  -3.348592  -3.322164  -3.288213  -3.240810  -0.047403   0.013452   0.007522
 8522.744783  -3.357433  -3.322640  -3.287174  -3.243505  -0.043668   0.008202   0.000674
 8522.746114  -3.342646  -3.324079  -3.288834  -3.247060  -0.041775   0.006529   0.016678
 8522.747515  -3.337716  -3.322809  -3.286757  -3.245317  -0.041441   0.005390   0.021144
 8522.748938  -3.347146  -3.321446  -3.285042  -3.249010  -0.036032  -0.000372   0.010704
 8522.750327  -3.341396  -3.321746  -3.288598  -3.244958  -0.043640   0.010493   0.013498
 8522.751705  -3.344683  -3.322643  -3.283910  -3.242947  -0.040963   0.002230   0.016693
 8522.753082  -3.344971  -3.320066  -3.285050  -3.239734  -0.045317   0.010301   0.010111
 8522.754459  -3.332803  -3.322176  -3.285198  -3.246591  -0.038607   0.001629   0.026352
 8522.755837  -3.340333  -3.321157  -3.286953  -3.242679  -0.044274   0.010070   0.015029
 8522.757168  -3.342746  -3.323230  -3.284901  -3.254111  -0.030790  -0.007539   0.018813
 8522.758603  -3.333211  -3.322925  -3.285934  -3.242245  -0.043689   0.006697   0.026706
 8522.759980  -3.338901  -3.322066  -3.288527  -3.244320  -0.044207   0.010667   0.016705
 8522.761357  -3.345963  -3.325377  -3.293931  -3.243404  -0.050527   0.019080   0.010860
 8522.762723  -3.344662  -3.326701  -3.290344  -3.248285  -0.042059   0.005701   0.018397
 8522.764158  -3.374324  -3.325799  -3.291960  -3.245877  -0.046084   0.012245  -0.014686
 8523.684604  -3.355931  -3.324254  -3.287579  -3.249475  -0.038104   0.001430   0.004998
 8523.685703  -3.345048  -3.322419  -3.288422  -3.245740  -0.042683   0.008686   0.011367
 8523.687821  -3.327909  -3.316641  -3.284700  -3.243427  -0.041272   0.009331   0.020673
 8523.689048  -3.327905  -3.318470  -3.285311  -3.241791  -0.043519   0.010360   0.023724
 8523.691120  -3.327228  -3.318582  -3.285277  -3.246938  -0.038338   0.005032   0.024661
 8523.692266  -3.329250  -3.315337  -3.283600  -3.246572  -0.037027   0.005290   0.017824
 8523.694418  -3.318881  -3.318668  -3.286248  -3.244629  -0.041618   0.009198   0.032206
 8523.695576  -3.318795  -3.315556  -3.281328  -3.242823  -0.038505   0.004277   0.030990
 8523.697705  -3.325429  -3.314457  -3.282849  -3.239883  -0.042966   0.011357   0.020637
 8523.699453  -3.333774  -3.318088  -3.284663  -3.243506  -0.041157   0.007732   0.017739
 8523.701641  -3.338863  -3.315865  -3.281236  -3.246412  -0.034824   0.000195   0.011631
 8523.705159  -3.341971  -3.322044  -3.287478  -3.250800  -0.036678   0.002112   0.014639
 8523.707219  -3.337425  -3.322817  -3.284679  -3.248559  -0.036120  -0.002018   0.023530
 8523.708701  -3.350151  -3.321030  -3.285953  -3.248745  -0.037208   0.002131   0.005957
 8523.710842  -3.347810  -3.324560  -3.291160  -3.252894  -0.038266   0.004865   0.010151
 8523.711918  -3.360633  -3.327122  -3.292755  -3.252772  -0.039983   0.005616   0.000856
 8523.714060  -3.353146  -3.327849  -3.291791  -3.247682  -0.044109   0.008051   0.010762
 8523.715229  -3.345179  -3.326196  -3.291017  -3.243333  -0.047684   0.012504   0.016198
 8523.717347  -3.346989  -3.327024  -3.292865  -3.247167  -0.045698   0.011539   0.014194
 8523.718550  -3.340058  -3.322521  -3.290146  -3.244950  -0.045196   0.012822   0.014837
 8523.720622  -3.342238  -3.328506  -3.292587  -3.256606  -0.035980   0.000060   0.022188
 8523.721768  -3.333367  -3.327848  -3.292004  -3.249258  -0.042745   0.006901   0.030325
 8523.723874  -3.335542  -3.327260  -3.287440  -3.252865  -0.034574  -0.005247   0.031539
 8523.725726  -3.351460  -3.326894  -3.292860  -3.248983  -0.043878   0.009844   0.009468
 8523.727937  -3.356735  -3.324448  -3.291644  -3.251382  -0.040262   0.007459   0.000517
 8523.729106  -3.345838  -3.324809  -3.287814  -3.250106  -0.037708   0.000713   0.015965
 8523.731224  -3.337483  -3.330058  -3.294866  -3.252506  -0.042360   0.007168   0.027768
 8523.732404  -3.336085  -3.329378  -3.294938  -3.253684  -0.041254   0.006814   0.027733
 8523.734534  -3.347097  -3.327292  -3.291625  -3.255234  -0.036391   0.000724   0.015862
 8523.735680  -3.333639  -3.326386  -3.291667  -3.248772  -0.042894   0.008175   0.027467
 8523.737844  -3.323797  -3.332536  -3.291137  -3.251959  -0.039178  -0.002220   0.050137
 8523.739210  -3.336083  -3.328640  -3.290308  -3.253293  -0.037015  -0.001317   0.030888
 8523.741340  -3.357543  -3.329659  -3.295405  -3.248367  -0.047038   0.012784   0.006371
 8523.742404  -3.336967  -3.323433  -3.289192  -3.246281  -0.042911   0.008670   0.020707
 8523.744708  -3.319399  -3.331038  -3.295405  -3.251930  -0.043475   0.007841   0.047273
 8523.745888  -3.329903  -3.320146  -3.285294  -3.244024  -0.041270   0.006418   0.025095
 8529.672318  -3.328505  -3.314381  -3.278081  -3.244648  -0.033433  -0.002867   0.022175
 8529.673498  -3.335343  -3.314617  -3.278597  -3.246006  -0.032591  -0.003430   0.015295
 8529.675686  -3.327604  -3.312860  -3.281463  -3.245153  -0.036310   0.004913   0.016653
 8529.676901  -3.328335  -3.317349  -3.284784  -3.248245  -0.036539   0.003974   0.021579
 8529.681149  -3.351337  -3.327831  -3.290766  -3.249204  -0.041562   0.004496   0.013559
 8529.682318  -3.354242  -3.330247  -3.291576  -3.252027  -0.039549   0.000878   0.014677
 8529.684297  -3.339744  -3.334295  -3.297088  -3.254397  -0.042691   0.005484   0.031759
 8529.685443  -3.338913  -3.337784  -3.299861  -3.259589  -0.040272   0.002350   0.036792
 8529.687387  -3.347860  -3.342513  -3.300727  -3.260505  -0.040222  -0.001565   0.036440
 8529.688475  -3.361178  -3.343101  -3.301777  -3.261658  -0.040118  -0.001206   0.023248
 8529.690454  -3.354567  -3.345301  -3.303444  -3.265175  -0.038269  -0.003588   0.032592
 8529.691507  -3.356454  -3.342038  -3.303896  -3.262337  -0.041559   0.003416   0.023727
 8529.693533  -3.369294  -3.341264  -3.302179  -3.260895  -0.041283   0.002198   0.011056
 8529.694690  -3.354349  -3.340043  -3.301870  -3.259840  -0.042029   0.003855   0.023868
 8529.696820  -3.354481  -3.339469  -3.301783  -3.261814  -0.039969   0.002282   0.022675
 8529.698012  -3.351424  -3.340122  -3.300435  -3.258918  -0.041517   0.001830   0.028386
 8529.700003  -3.346756  -3.340000  -3.301126  -3.259421  -0.041705   0.002830   0.032119
 8529.701056  -3.350062  -3.337253  -3.297702  -3.258610  -0.039093  -0.000458   0.026742
 8529.703047  -3.345474  -3.328498  -3.292170  -3.249095  -0.043075   0.006747   0.019353
 8529.704181  -3.356407  -3.326050  -3.289151  -3.255622  -0.033529  -0.003370   0.006543
 8529.706172  -3.349769  -3.321852  -3.289936  -3.247741  -0.042195   0.010279   0.003999
 8529.707341  -3.331213  -3.325685  -3.287363  -3.250671  -0.036692  -0.001630   0.032795
 8529.709308  -3.329034  -3.321193  -3.283156  -3.244018  -0.039138   0.001101   0.030196
 8529.710419  -3.346760  -3.320948  -3.282703  -3.245203  -0.037501  -0.000745   0.012434
 8529.712723  -3.339666  -3.319818  -3.283015  -3.244688  -0.038327   0.001523   0.016955
 8529.716530  -3.329499  -3.322009  -3.285020  -3.244842  -0.040178   0.003190   0.029498
 8529.718660  -3.351566  -3.320067  -3.282325  -3.246517  -0.035809  -0.001934   0.006244
 8529.719818  -3.353214  -3.323435  -3.284910  -3.247852  -0.037058  -0.001467   0.008746
 8529.721936  -3.361133  -3.320717  -3.288254  -3.249928  -0.038326   0.005863  -0.007952
 8529.723093  -3.346277  -3.321627  -3.285829  -3.248370  -0.037459   0.001661   0.011149
 8529.725188  -3.354468  -3.320688  -3.286236  -3.245186  -0.041050   0.006598   0.000673
 8529.726311  -3.351274  -3.320360  -3.283982  -3.248234  -0.035748  -0.000630   0.005464
 8529.728359  -3.351718  -3.319661  -3.288757  -3.249250  -0.039507   0.008603  -0.001153
 8529.729540  -3.340185  -3.323218  -3.287288  -3.251678  -0.035610  -0.000320   0.018961
 8529.731507  -3.335595  -3.322103  -3.288846  -3.241439  -0.047407   0.014150   0.019766
 8529.732653  -3.332299  -3.322183  -3.286520  -3.246608  -0.039912   0.004249   0.025548
 8529.734655  -3.358326  -3.321046  -3.285155  -3.247899  -0.037256   0.001365  -0.001389
 8529.735697  -3.342490  -3.323403  -3.285100  -3.248015  -0.037085  -0.001217   0.019216
 8529.737734  -3.335456  -3.325536  -3.287836  -3.247518  -0.040318   0.002619   0.027779
 8529.738822  -3.336061  -3.325416  -3.291244  -3.247218  -0.044026   0.009854   0.023527
 8529.740975  -3.343697  -3.326996  -3.289699  -3.253129  -0.036570  -0.000726   0.020596
 8529.742144  -3.339148  -3.328504  -3.291631  -3.250622  -0.041009   0.004136   0.026230
 8529.744216  -3.349548  -3.327799  -3.294527  -3.250478  -0.044049   0.010776   0.011524
 8529.745327  -3.345741  -3.329863  -3.292854  -3.251725  -0.041129   0.004120   0.021131
 8529.747456  -3.352975  -3.334851  -3.296684  -3.251684  -0.045000   0.006833   0.020042
 8529.748591  -3.346745  -3.338670  -3.297217  -3.260792  -0.036425  -0.005027   0.033377
 8529.750616  -3.335512  -3.343064  -3.302723  -3.256739  -0.045983   0.005642   0.047894
 8529.751785  -3.356319  -3.341054  -3.300601  -3.261410  -0.039192  -0.001261   0.025187
 8529.753753  -3.343779  -3.339285  -3.299515  -3.256023  -0.043492   0.003722   0.035275
 8529.754864  -3.368020  -3.340541  -3.299722  -3.261788  -0.037934  -0.002885   0.013340
 8529.756866  -3.381154  -3.342539  -3.304825  -3.263832  -0.040993   0.003279  -0.000901
 8529.757885  -3.379955  -3.342057  -3.307109  -3.260132  -0.046977   0.012029  -0.002949
 8529.759910  -3.366423  -3.343251  -3.304085  -3.263720  -0.040365   0.001199   0.015994
 8529.761010  -3.378827  -3.339649  -3.301806  -3.263057  -0.038748   0.000905  -0.001335
 8541.649686  -3.346611  -3.336897  -3.297950  -3.256152  -0.041797   0.002850   0.029233
 8541.650878  -3.338457  -3.334796  -3.299434  -3.252347  -0.047087   0.011725   0.031701
 8541.653089  -3.338089  -3.331597  -3.297016  -3.249481  -0.047534   0.012953   0.028089
 8541.654339  -3.338602  -3.325024  -3.292823  -3.243152  -0.049670   0.017469   0.018623
 8541.656503  -3.342781  -3.326359  -3.293165  -3.246656  -0.046509   0.013315   0.016772
 8541.657568  -3.337530  -3.326511  -3.289829  -3.252013  -0.037816   0.001133   0.025665
 8541.659848  -3.337563  -3.320773  -3.289639  -3.246858  -0.042780   0.011645   0.014345
 8541.661167  -3.334536  -3.319419  -3.287290  -3.240709  -0.046581   0.014452   0.017013
 8541.663227  -3.326979  -3.316670  -3.278779  -3.240488  -0.038291   0.000400   0.027582
 8541.664292  -3.323971  -3.315982  -3.279065  -3.238648  -0.040417   0.003500   0.028928
 8541.666387  -3.318800  -3.315487  -3.280976  -3.239234  -0.041742   0.007231   0.031198
 8541.667591  -3.314890  -3.312963  -3.276958  -3.236351  -0.040607   0.004601   0.034079
 8541.669732  -3.345411  -3.312797  -3.277634  -3.246294  -0.031339  -0.003824   0.002549
 8541.670901  -3.341382  -3.311908  -3.275878  -3.243529  -0.032349  -0.003682   0.006557
 8541.673008  -3.343289  -3.314263  -3.276973  -3.240633  -0.036340  -0.000949   0.008264
 8541.674072  -3.339178  -3.316978  -3.281716  -3.243493  -0.038223   0.002961   0.013061
 8541.676202  -3.325663  -3.320115  -3.286105  -3.247385  -0.038720   0.004709   0.028462
 8541.677371  -3.353564  -3.321244  -3.285487  -3.248176  -0.037311   0.001554   0.003437
 8541.679535  -3.337748  -3.321239  -3.284339  -3.247008  -0.037331   0.000431   0.020390
 8541.680797  -3.341098  -3.323315  -3.289971  -3.252633  -0.037338   0.003994   0.015560
 8541.682869  -3.349669  -3.330473  -3.291666  -3.253374  -0.038292  -0.000514   0.019610
 8541.684003  -3.358244  -3.331637  -3.293882  -3.251911  -0.041972   0.004217   0.011148
 8541.686144  -3.357219  -3.331097  -3.295975  -3.255841  -0.040134   0.005012   0.009000
 8541.687394  -3.318860  -3.329511  -3.292873  -3.251034  -0.041839   0.005201   0.047290
 8541.689385  -3.362832  -3.326330  -3.290990  -3.245908  -0.045082   0.009742  -0.001162
 8541.690473  -3.349181  -3.334691  -3.298986  -3.252473  -0.046513   0.010808   0.021214
 8541.692614  -3.336158  -3.333669  -3.297951  -3.257103  -0.040848   0.005130   0.033229
 8541.693725  -3.354594  -3.331495  -3.295436  -3.256510  -0.038925   0.002866   0.012960
 8541.695982  -3.359624  -3.330182  -3.292312  -3.250864  -0.041448   0.003579   0.008428
 8541.697302  -3.365256  -3.330639  -3.292449  -3.253054  -0.039394   0.001204   0.003573
 8541.699396  -3.346648  -3.327719  -3.292749  -3.246897  -0.045852   0.010882   0.016042
 8541.700496  -3.347037  -3.329468  -3.293309  -3.246812  -0.046498   0.010339   0.018589
 8541.702556  -3.339931  -3.332081  -3.293106  -3.250849  -0.042256   0.003281   0.031126
 8541.703783  -3.354469  -3.329301  -3.295701  -3.249693  -0.046008   0.012409   0.008431
 8541.705855  -3.346318  -3.320256  -3.287370  -3.242334  -0.045036   0.012150   0.006823
 8541.706989  -3.347772  -3.325778  -3.291085  -3.249313  -0.041771   0.007078   0.012698
 8541.709119  -3.340946  -3.324665  -3.288810  -3.247680  -0.041130   0.005275   0.019574
 8541.710183  -3.342807  -3.322227  -3.285905  -3.246913  -0.038992   0.002670   0.015742
 8541.712313  -3.333032  -3.316875  -3.282911  -3.237224  -0.045687   0.011724   0.017807
 8541.713505  -3.343721  -3.326373  -3.290566  -3.249475  -0.041091   0.005284   0.018459
 8541.715612  -3.340719  -3.319576  -3.285472  -3.243429  -0.042043   0.007940   0.012961
 8541.716792  -3.345293  -3.318389  -3.285185  -3.245060  -0.040125   0.006921   0.006300
 8541.718864  -3.348089  -3.323478  -3.287129  -3.250585  -0.036544   0.000195   0.011739
 8541.719998  -3.341978  -3.320168  -3.286095  -3.246316  -0.039780   0.005707   0.012263
 8541.722105  -3.341651  -3.319763  -3.282614  -3.239641  -0.042973   0.005824   0.015261
 8541.723320  -3.336949  -3.319512  -3.282493  -3.239399  -0.043094   0.006076   0.019582
 8541.725322  -3.338842  -3.317586  -3.282135  -3.249866  -0.032269  -0.003182   0.014195
 8541.726457  -3.338267  -3.317352  -3.286425  -3.250241  -0.036184   0.005256   0.010013
 8541.728621  -3.338616  -3.322389  -3.286267  -3.248992  -0.037275   0.001154   0.019895
 8541.729732  -3.341471  -3.317116  -3.279578  -3.245656  -0.033922  -0.003616   0.013183
 8541.736387  -3.323149  -3.315865  -3.281973  -3.244383  -0.037590   0.003698   0.026609
 8541.737579  -3.326683  -3.315872  -3.283319  -3.242909  -0.040410   0.007857   0.021743
 8541.739802  -3.318440  -3.314700  -3.276957  -3.233738  -0.043219   0.005477   0.034002
 8541.740982  -3.313603  -3.320021  -3.279569  -3.240170  -0.039399  -0.001053   0.046870
 8541.743135  -3.337962  -3.326269  -3.291712  -3.248327  -0.043385   0.008829   0.022862
 8541.744663  -3.347262  -3.324159  -3.289378  -3.247465  -0.041913   0.007131   0.011679
 8542.623960  -3.322706  -3.320864  -3.286768  -3.245353  -0.041414   0.007318   0.032254
 8542.625175  -3.327644  -3.325013  -3.288692  -3.246047  -0.042645   0.006325   0.033689
 8542.627224  -3.344678  -3.325199  -3.289651  -3.245717  -0.043934   0.008386   0.016070
 8542.628335  -3.348523  -3.325109  -3.288373  -3.249347  -0.039026   0.002290   0.013322
 8542.630407  -3.337149  -3.325719  -3.288126  -3.251877  -0.036248  -0.001345   0.026163
 8542.631610  -3.331069  -3.326492  -3.290842  -3.248507  -0.042335   0.006685   0.031073
 8542.633705  -3.349704  -3.323920  -3.288642  -3.249342  -0.039300   0.004021   0.009495
 8542.634898  -3.361928  -3.324076  -3.290724  -3.250838  -0.039886   0.006534  -0.004500
 8542.636969  -3.349644  -3.327425  -3.295422  -3.245296  -0.050126   0.018122   0.009785
 8542.637988  -3.337171  -3.328328  -3.291376  -3.249217  -0.042160   0.005208   0.028109
 8542.640117  -3.345662  -3.328735  -3.296689  -3.250452  -0.046237   0.014191   0.015119
 8542.641275  -3.343051  -3.327597  -3.293645  -3.250581  -0.043065   0.009113   0.018498
 8542.643358  -3.342428  -3.329996  -3.294774  -3.254121  -0.040653   0.005431   0.022789
 8542.644539  -3.339487  -3.331592  -3.296340  -3.259520  -0.036820   0.001568   0.027357
 8542.646622  -3.336483  -3.330738  -3.297234  -3.253386  -0.043848   0.010345   0.027758
 8542.647779  -3.345050  -3.326690  -3.293490  -3.249540  -0.043950   0.010749   0.014841
 8542.649886  -3.352101  -3.329100  -3.291290  -3.256311  -0.034980  -0.002830   0.014809
 8542.651113  -3.340830  -3.327093  -3.290670  -3.254078  -0.036593   0.000170   0.022685
 8542.653208  -3.340888  -3.327025  -3.289688  -3.251222  -0.038465   0.001128   0.023474
 8542.654388  -3.337063  -3.326863  -3.288688  -3.246401  -0.042287   0.004112   0.027975
 8542.656506  -3.339715  -3.321934  -3.286295  -3.243203  -0.043092   0.007453   0.017858
 8542.657560  -3.337089  -3.325315  -3.285556  -3.248732  -0.036824  -0.002934   0.027984
 8542.659689  -3.336908  -3.320400  -3.286399  -3.239465  -0.046935   0.012934   0.017492
 8542.660858  -3.338392  -3.322138  -3.285403  -3.244157  -0.041246   0.004511   0.020482
 8542.662988  -3.346553  -3.317953  -3.284700  -3.245073  -0.039627   0.006373   0.004654
 8542.664168  -3.343391  -3.317307  -3.286418  -3.246099  -0.040320   0.009431   0.004805
 8542.666252  -3.347491  -3.317254  -3.286030  -3.244783  -0.041246   0.010022   0.000986
 8542.667386  -3.338880  -3.320322  -3.284168  -3.245581  -0.038587   0.002432   0.017596
 8542.669481  -3.340121  -3.326551  -3.287855  -3.250006  -0.037849  -0.000847   0.025126
 8542.671032  -3.338984  -3.329814  -3.306118  -3.251783  -0.054335   0.030640   0.014525
 8542.673127  -3.335443  -3.326907  -3.290794  -3.248935  -0.041859   0.005746   0.027577
 8542.674261  -3.340408  -3.328768  -3.290997  -3.250560  -0.040437   0.002666   0.026131
 8542.676425  -3.352144  -3.331281  -3.293892  -3.254269  -0.039623   0.002234   0.016525
 8542.677594  -3.349063  -3.333830  -3.294681  -3.257055  -0.037626  -0.001523   0.023916
 8542.679689  -3.361994  -3.331497  -3.294241  -3.255389  -0.038851   0.001595   0.006759
 8542.680835  -3.357288  -3.335614  -3.296403  -3.254594  -0.041809   0.002599   0.017537
 8542.682918  -3.348651  -3.332455  -3.296330  -3.247391  -0.048939   0.012814   0.019928
 8542.684076  -3.343430  -3.334393  -3.297031  -3.249084  -0.047947   0.010584   0.028326
 8542.686205  -3.341893  -3.335025  -3.296026  -3.254057  -0.041969   0.002970   0.032130
 8542.687502  -3.342723  -3.331256  -3.296270  -3.248170  -0.048100   0.013113   0.023520
 8542.689550  -3.340835  -3.328557  -3.295846  -3.245841  -0.050004   0.017294   0.020433
 8542.690615  -3.332768  -3.328012  -3.295598  -3.248747  -0.046851   0.014437   0.027657
 8542.692745  -3.343629  -3.327080  -3.292947  -3.248063  -0.044885   0.010752   0.017584
 8542.693879  -3.353636  -3.329993  -3.293833  -3.254596  -0.039237   0.003077   0.012517
 8542.696032  -3.348204  -3.328033  -3.293874  -3.250828  -0.043046   0.008887   0.013988
 8542.697178  -3.347303  -3.324943  -3.292663  -3.244386  -0.048277   0.015998   0.009919
 8542.699192  -3.342064  -3.325669  -3.289715  -3.248405  -0.041310   0.005357   0.019558
 8542.700303  -3.349416  -3.325279  -3.291620  -3.252084  -0.039536   0.005877   0.009523
 8542.702386  -3.340199  -3.327734  -3.292871  -3.245150  -0.047721   0.012858   0.022398
 8542.703532  -3.354140  -3.328923  -3.292815  -3.246948  -0.045867   0.009759   0.010891
 8542.705661  -3.361894  -3.326637  -3.289392  -3.247817  -0.041575   0.004329   0.001989
 8542.706865  -3.352076  -3.324914  -3.292539  -3.244495  -0.048043   0.015668   0.005213
 8542.708891  -3.342926  -3.324908  -3.292337  -3.243454  -0.048883   0.016312   0.014554
 8542.709990  -3.348881  -3.323557  -3.289944  -3.245055  -0.044889   0.011276   0.008288
 8542.712166  -3.355177  -3.328147  -3.292081  -3.246399  -0.045683   0.009617   0.009035
 8542.713289  -3.350906  -3.329988  -3.291626  -3.251855  -0.039771   0.001408   0.017445
 8542.715407  -3.342808  -3.322129  -3.291897  -3.245113  -0.046784   0.016552   0.009553
 8544.545907  -3.345455  -3.321682  -3.285598  -3.244248  -0.041350   0.005266   0.012311
 8544.547146  -3.354783  -3.318952  -3.283551  -3.244452  -0.039099   0.003698  -0.000431
 8544.549657  -3.341573  -3.320802  -3.284746  -3.243700  -0.041046   0.004990   0.015284
 8544.550907  -3.357349  -3.317667  -3.282225  -3.243498  -0.038727   0.003285  -0.004239
 8544.553326  -3.344719  -3.315917  -3.281058  -3.244885  -0.036173   0.001313   0.006057
 8544.554680  -3.321953  -3.318670  -3.282553  -3.242735  -0.039817   0.003700   0.032834
 8544.556764  -3.334097  -3.316787  -3.281950  -3.241637  -0.040313   0.005476   0.017526
 8544.557805  -3.329266  -3.320085  -3.282281  -3.246787  -0.035493  -0.002312   0.028624
 8544.559958  -3.340500  -3.315125  -3.283951  -3.244148  -0.039802   0.008628   0.005799
 8544.561162  -3.338481  -3.317392  -3.283998  -3.247466  -0.036533   0.003139   0.012305
 8544.563338  -3.333702  -3.334655  -3.285895  -3.248461  -0.037434  -0.011326   0.049713
 8544.564553  -3.343282  -3.326111  -3.288751  -3.247898  -0.040853   0.003493   0.020189
 8544.566660  -3.349671  -3.327113  -3.289792  -3.249330  -0.040462   0.003141   0.014763
 8544.567805  -3.353373  -3.328658  -3.293090  -3.250220  -0.042870   0.007302   0.010853
 8544.569958  -3.369870  -3.330892  -3.294301  -3.260300  -0.034001  -0.002591  -0.002386
 8544.571278  -3.360854  -3.335928  -3.297600  -3.260877  -0.036723  -0.001606   0.013402
 8544.574958  -3.354824  -3.340220  -3.297983  -3.259372  -0.038611  -0.003626   0.027634
 8544.576104  -3.348523  -3.337755  -3.298556  -3.257594  -0.040962   0.001764   0.028430
 8544.578245  -3.340974  -3.334352  -3.297297  -3.257745  -0.039552   0.002498   0.030432
 8544.579518  -3.345073  -3.331682  -3.297746  -3.255010  -0.042736   0.008800   0.020545
 8544.581567  -3.364772  -3.330406  -3.295842  -3.255295  -0.040547   0.005984   0.000197
 8544.582655  -3.352103  -3.329017  -3.292109  -3.256594  -0.035515  -0.001393   0.013822
 8544.584785  -3.337769  -3.324907  -3.289078  -3.251118  -0.037960   0.002131   0.022968
 8544.585930  -3.330535  -3.322384  -3.284385  -3.247412  -0.036973  -0.001026   0.029848
 8544.588060  -3.322639  -3.318042  -3.284449  -3.244053  -0.040396   0.006802   0.028997
 8544.589287  -3.326943  -3.319052  -3.283450  -3.245220  -0.038230   0.002628   0.027710
 8544.591336  -3.336597  -3.316567  -3.276936  -3.244936  -0.032001  -0.007630   0.019601
 8544.592389  -3.343819  -3.314322  -3.278255  -3.242588  -0.035667  -0.000400   0.006569
 8544.594426  -3.337801  -3.313481  -3.277151  -3.242191  -0.034960  -0.001370   0.012011
 8544.595572  -3.323575  -3.311209  -3.276332  -3.233065  -0.043267   0.008390   0.022511
 8544.597690  -3.329110  -3.311119  -3.276558  -3.235296  -0.041262   0.006700   0.016571
 8544.598859  -3.337121  -3.308129  -3.278523  -3.235316  -0.043206   0.013600   0.000614
 8544.600861  -3.320805  -3.308577  -3.276004  -3.235677  -0.040326   0.007753   0.020345
 8544.601961  -3.315317  -3.309189  -3.274381  -3.237052  -0.037329   0.002520   0.028681
 8544.604067  -3.320410  -3.309152  -3.275923  -3.241213  -0.034710   0.001481   0.021971
 8544.605167  -3.331986  -3.312719  -3.276975  -3.244272  -0.032703  -0.003041   0.016477
 8544.607250  -3.353152  -3.314360  -3.281660  -3.244529  -0.037132   0.004432  -0.006093
 8544.608407  -3.342510  -3.316731  -3.281513  -3.243900  -0.037612   0.002394   0.009439
 8544.610583  -3.340201  -3.316120  -3.281868  -3.243982  -0.037886   0.003634   0.010170
 8544.611752  -3.340143  -3.318712  -3.284702  -3.246607  -0.038095   0.004085   0.012580
 8544.613870  -3.334078  -3.323822  -3.286213  -3.248142  -0.038070   0.000461   0.027352
 8544.615062  -3.356387  -3.323369  -3.286597  -3.245230  -0.041367   0.004596   0.003753
 8544.617180  -3.350143  -3.325813  -3.290917  -3.245794  -0.045123   0.010227   0.010565
 8544.618338  -3.347528  -3.325776  -3.291201  -3.246773  -0.044428   0.009854   0.012823
 8544.620375  -3.336873  -3.327228  -3.290040  -3.248788  -0.041253   0.004065   0.027542
 8544.621451  -3.354076  -3.328897  -3.291079  -3.251249  -0.039830   0.002012   0.012638
 8544.623604  -3.338823  -3.332938  -3.295236  -3.248780  -0.046456   0.008754   0.031816
 8544.624738  -3.345849  -3.332041  -3.295147  -3.253798  -0.041349   0.004455   0.023086
 8544.626856  -3.343898  -3.331570  -3.297778  -3.251537  -0.046241   0.012450   0.021463
 8544.628037  -3.356174  -3.333840  -3.297682  -3.254462  -0.043221   0.007063   0.013824
 8544.630051  -3.339507  -3.338611  -3.299293  -3.254407  -0.044885   0.005567   0.038423
 8544.631116  -3.338642  -3.338423  -3.298862  -3.254698  -0.044164   0.004603   0.039343
 8544.633199  -3.354120  -3.339853  -3.299121  -3.256467  -0.042654   0.001921   0.026466
 8544.634368  -3.362176  -3.334989  -3.299469  -3.253411  -0.046059   0.010539   0.008332
 8544.636451  -3.353850  -3.334318  -3.299763  -3.256286  -0.043477   0.008922   0.015024
 8544.637655  -3.344937  -3.333514  -3.297943  -3.253824  -0.044119   0.008548   0.024148
 8544.639646  -3.354929  -3.333376  -3.300230  -3.256895  -0.043335   0.010189   0.011592
 8544.640734  -3.355630  -3.334082  -3.298756  -3.255809  -0.042947   0.007622   0.013777
 8544.642829  -3.348921  -3.327079  -3.292901  -3.249792  -0.043109   0.008931   0.012335
 8544.643917  -3.347228  -3.327499  -3.290385  -3.249679  -0.040706   0.003593   0.017384
 8544.646069  -3.344114  -3.320557  -3.290016  -3.244516  -0.045501   0.014960   0.006984
 8544.647238  -3.328105  -3.321105  -3.287804  -3.248722  -0.039082   0.005780   0.026301
 8544.649634  -3.346454  -3.320691  -3.284194  -3.246155  -0.038039   0.001543   0.010734
 8544.650745  -3.349415  -3.319002  -3.283775  -3.244204  -0.039570   0.004343   0.004815
 8544.652863  -3.348676  -3.316661  -3.280974  -3.245773  -0.035201  -0.000486   0.003671
 8544.654148  -3.333481  -3.314486  -3.281494  -3.241293  -0.040201   0.007209   0.013997
 8544.656173  -3.329033  -3.312447  -3.277761  -3.239658  -0.038103   0.003416   0.018100
 8544.657273  -3.317904  -3.313487  -3.276607  -3.237879  -0.038728   0.001848   0.032464
 8544.659414  -3.328140  -3.313394  -3.279379  -3.240782  -0.038596   0.004581   0.019269
 8544.660491  -3.342708  -3.313451  -3.281924  -3.247686  -0.034238   0.002710   0.002271
 8544.662643  -3.348000  -3.319750  -3.287200  -3.248800  -0.038400   0.005850   0.004299
 8544.663789  -3.333344  -3.320766  -3.285454  -3.244085  -0.041369   0.006057   0.022733
 8544.665919  -3.355365  -3.317253  -3.281598  -3.244075  -0.037523   0.001869  -0.002458
 8544.667042  -3.359294  -3.320943  -3.283061  -3.248286  -0.034775  -0.003108  -0.000468
 8544.669079  -3.339911  -3.325683  -3.286894  -3.249199  -0.037696  -0.001093   0.024561
 8544.670190  -3.334195  -3.324597  -3.290769  -3.242834  -0.047935   0.014107   0.024230
 8544.672261  -3.348465  -3.326292  -3.289390  -3.253048  -0.036343  -0.000559   0.014728
 8544.673442  -3.337381  -3.324591  -3.289207  -3.248812  -0.040396   0.005013   0.022593
 8544.675491  -3.343072  -3.328831  -3.288532  -3.253348  -0.035184  -0.005115   0.026059
 8544.676625  -3.351417  -3.329147  -3.289127  -3.253797  -0.035330  -0.004691   0.017751
 8544.678743  -3.354397  -3.329380  -3.291984  -3.251263  -0.040721   0.003325   0.012380
 8544.679796  -3.351998  -3.330486  -3.294500  -3.253325  -0.041175   0.005189   0.014474
 8544.681914  -3.345039  -3.332296  -3.298287  -3.250162  -0.048125   0.014116   0.021265
 8544.683083  -3.344869  -3.332059  -3.295874  -3.251248  -0.044626   0.008440   0.023376
 8544.685224  -3.350107  -3.331462  -3.296460  -3.256894  -0.039566   0.004564   0.016357
 8544.686417  -3.337519  -3.334371  -3.294025  -3.256771  -0.037253  -0.003093   0.037199
 8544.688511  -3.332963  -3.332868  -3.293131  -3.253886  -0.039245  -0.000492   0.039642
 8544.689680  -3.344175  -3.329148  -3.296117  -3.250160  -0.045957   0.012925   0.018004
 8544.691822  -3.346403  -3.328005  -3.293953  -3.252788  -0.041164   0.007112   0.015653
 8544.693014  -3.350233  -3.328326  -3.294221  -3.248664  -0.045557   0.011452   0.012198
 8544.695062  -3.331260  -3.330362  -3.293473  -3.251361  -0.042112   0.005223   0.035991
 8544.696173  -3.343534  -3.327798  -3.292756  -3.251984  -0.040772   0.005729   0.019307
 8544.698326  -3.326530  -3.325883  -3.287314  -3.248546  -0.038768   0.000199   0.037922
 8544.699437  -3.338904  -3.327594  -3.288676  -3.252297  -0.036379  -0.002540   0.027608
 8544.701579  -3.340101  -3.321720  -3.290798  -3.248789  -0.042009   0.011087   0.012541
 8544.702782  -3.339251  -3.322260  -3.287403  -3.248106  -0.039297   0.004440   0.017866
 8544.704819  -3.337395  -3.325857  -3.288715  -3.247438  -0.041278   0.004136   0.025604
 8544.705930  -3.344582  -3.325967  -3.288101  -3.248893  -0.039207   0.001341   0.019252
 8544.708014  -3.343379  -3.326472  -3.291138  -3.250235  -0.040903   0.005569   0.018428
 8544.709183  -3.341985  -3.326796  -3.291405  -3.248375  -0.043030   0.007640   0.020201
 8544.711324  -3.341199  -3.329204  -3.290453  -3.255556  -0.034898  -0.003853   0.026755
 8544.712886  -3.332806  -3.329313  -3.294127  -3.252044  -0.042083   0.006897   0.031693
 8544.715086  -3.337336  -3.327112  -3.295699  -3.248733  -0.046966   0.015554   0.021189
 8544.716231  -3.344902  -3.325824  -3.292040  -3.254272  -0.037769   0.003985   0.014706
 8544.718373  -3.356860  -3.323388  -3.292001  -3.247234  -0.044767   0.013379  -0.002085
 8544.719599  -3.337871  -3.326040  -3.293008  -3.246650  -0.046358   0.013327   0.021200
 8544.721671  -3.348393  -3.324746  -3.287314  -3.244948  -0.042366   0.004934   0.013785
 8544.722771  -3.345753  -3.326707  -3.289225  -3.244797  -0.044428   0.006946   0.018436
 8544.724877  -3.351544  -3.326672  -3.291277  -3.251043  -0.040234   0.004840   0.010522
 8544.726092  -3.359136  -3.324651  -3.289401  -3.244427  -0.044974   0.009723   0.000766
 8544.728118  -3.322707  -3.325568  -3.286928  -3.248588  -0.038340  -0.000300   0.041500
 8544.729264  -3.322189  -3.324099  -3.288969  -3.250102  -0.038867   0.003737   0.037040
 8544.731393  -3.327922  -3.323390  -3.284779  -3.248604  -0.036176  -0.002435   0.034079
 8544.732481  -3.338557  -3.326430  -3.287690  -3.254531  -0.033159  -0.005581   0.026613
 8545.607967  -3.338998  -3.322425  -3.285937  -3.247168  -0.038769   0.002281   0.019915
 8545.609090  -3.330644  -3.321049  -3.282245  -3.246575  -0.035669  -0.003135   0.029210
 8545.611208  -3.353530  -3.316321  -3.280058  -3.240091  -0.039967   0.003705  -0.000947
 8545.612411  -3.344526  -3.316697  -3.281708  -3.241584  -0.040124   0.005136   0.007159
 8545.614529  -3.335520  -3.320555  -3.284789  -3.244838  -0.039951   0.004185   0.020801
 8545.615698  -3.336092  -3.316149  -3.284060  -3.241682  -0.042377   0.010289   0.012145
 8545.617840  -3.340380  -3.317173  -3.283338  -3.243093  -0.040245   0.006410   0.010627
 8545.618893  -3.341584  -3.318337  -3.280842  -3.243150  -0.037692   0.000198   0.014248
 8545.621034  -3.334538  -3.319037  -3.282571  -3.242857  -0.039714   0.003248   0.020966
 8545.622203  -3.352822  -3.319817  -3.283053  -3.244008  -0.039045   0.002282   0.003759
 8545.624309  -3.345760  -3.322297  -3.285840  -3.243622  -0.042218   0.005761   0.012994
 8545.625536  -3.336628  -3.325514  -3.288515  -3.246407  -0.042109   0.005110   0.025885
 8545.627620  -3.344681  -3.321781  -3.286292  -3.243844  -0.042448   0.006958   0.012590
 8545.628754  -3.344370  -3.322219  -3.288638  -3.243768  -0.044870   0.011289   0.011430
 8545.630860  -3.353658  -3.330035  -3.295994  -3.252660  -0.043333   0.009292   0.010418
 8545.632041  -3.342362  -3.328311  -3.294108  -3.250554  -0.043554   0.009351   0.020153
 8545.634090  -3.340983  -3.329169  -3.292221  -3.250194  -0.042027   0.005078   0.025135
 8545.635189  -3.349712  -3.327233  -3.291118  -3.252156  -0.038961   0.002846   0.013636
 8545.637307  -3.338148  -3.331807  -3.294241  -3.250262  -0.043979   0.006413   0.031224
 8545.638383  -3.353398  -3.336386  -3.294646  -3.258430  -0.036216  -0.005525   0.024729
 8545.640583  -3.357869  -3.335547  -3.298885  -3.254039  -0.044846   0.008185   0.014339
 8545.641763  -3.346841  -3.333415  -3.295539  -3.252272  -0.043267   0.005390   0.024451
 8545.643858  -3.339606  -3.334242  -3.296673  -3.260461  -0.036212  -0.001357   0.032204
 8545.645004  -3.336919  -3.329920  -3.294727  -3.258001  -0.036726   0.001533   0.028194
 8545.647076  -3.338978  -3.326495  -3.289115  -3.251261  -0.037853   0.000473   0.024897
 8545.648268  -3.347488  -3.328286  -3.291592  -3.249113  -0.042479   0.005786   0.017491
 8545.650421  -3.329442  -3.327471  -3.293773  -3.251795  -0.041979   0.008281   0.031728
 8545.651624  -3.330709  -3.326456  -3.291600  -3.251536  -0.040065   0.005209   0.030603
 8545.653673  -3.341035  -3.323363  -3.288214  -3.246630  -0.041584   0.006435   0.017477
 8545.654703  -3.338348  -3.324015  -3.286788  -3.244991  -0.041797   0.004570   0.022893
 8545.656844  -3.339470  -3.325737  -3.287825  -3.244602  -0.043223   0.005311   0.024178
 8545.657978  -3.347607  -3.321512  -3.283967  -3.244555  -0.039412   0.001867   0.011450
 8545.660224  -3.347295  -3.320274  -3.284739  -3.239987  -0.044753   0.009218   0.008514
 8545.661404  -3.349045  -3.322172  -3.286881  -3.241636  -0.045245   0.009954   0.008418
 8545.663476  -3.332545  -3.319079  -3.286224  -3.249093  -0.037131   0.004276   0.019389
 8545.664495  -3.322564  -3.323304  -3.289440  -3.248877  -0.040563   0.006699   0.034604
 8545.666520  -3.358036  -3.318116  -3.286570  -3.241792  -0.044778   0.013233  -0.008374
 8545.667724  -3.355347  -3.323425  -3.291625  -3.247091  -0.044534   0.012733  -0.000121
 8545.669853  -3.328409  -3.322372  -3.287051  -3.247578  -0.039473   0.004152   0.029285
 8545.671057  -3.330957  -3.323982  -3.289294  -3.250123  -0.039171   0.004483   0.027714
 8545.673152  -3.335352  -3.328164  -3.292368  -3.252606  -0.039762   0.003966   0.028608
 8545.674171  -3.332358  -3.331652  -3.292141  -3.256262  -0.035879  -0.003632   0.038804
 8545.676335  -3.350016  -3.328676  -3.290981  -3.249999  -0.040982   0.003287   0.016354
 8545.677515  -3.349825  -3.327309  -3.289364  -3.253917  -0.035447  -0.002497   0.015428
 8545.679622  -3.362709  -3.329980  -3.291894  -3.253856  -0.038038  -0.000048   0.005358
 8545.680802  -3.341190  -3.329891  -3.291617  -3.252397  -0.039220   0.000946   0.026975
 8545.682863  -3.336741  -3.322522  -3.287759  -3.247587  -0.040172   0.005409   0.020544
 8545.683916  -3.328087  -3.326693  -3.294629  -3.247838  -0.046790   0.014725   0.030672
 8545.685988  -3.337304  -3.320570  -3.286034  -3.244245  -0.041789   0.007253   0.017802
 8545.687215  -3.361521  -3.322699  -3.289236  -3.247749  -0.041487   0.008024  -0.005359
 8545.689344  -3.348033  -3.324599  -3.287119  -3.247225  -0.039893   0.002413   0.014045
 8545.690525  -3.339155  -3.326738  -3.288095  -3.249029  -0.039066   0.000423   0.026226
 8545.692689  -3.330236  -3.324729  -3.286693  -3.249857  -0.036837  -0.001199   0.032528
 8545.693789  -3.350261  -3.322033  -3.285624  -3.247994  -0.037630   0.001221   0.008180
 8545.696323  -3.340278  -3.320916  -3.284906  -3.244750  -0.040156   0.004146   0.016648
 8545.697481  -3.336720  -3.320048  -3.286485  -3.242717  -0.043767   0.010205   0.016890
 8545.699552  -3.352107  -3.323891  -3.286202  -3.247732  -0.038469   0.000781   0.009472
 8545.700710  -3.342387  -3.320300  -3.284446  -3.245803  -0.038643   0.002788   0.013767
 8545.702805  -3.343746  -3.320979  -3.284559  -3.250848  -0.033711  -0.002709   0.013653
 8545.704043  -3.341255  -3.323711  -3.288614  -3.249279  -0.039336   0.004239   0.017552
 8545.706080  -3.337725  -3.320062  -3.286884  -3.249837  -0.037047   0.003868   0.015516
 8545.707180  -3.332740  -3.325059  -3.287896  -3.253626  -0.034270  -0.002893   0.029482
 8545.709333  -3.351503  -3.320656  -3.287854  -3.247072  -0.040782   0.007979   0.001956
 8545.710409  -3.343171  -3.320681  -3.286154  -3.248924  -0.037230   0.002702   0.012037
 8545.712677  -3.337912  -3.326269  -3.292928  -3.243117  -0.049811   0.016471   0.021697
 8545.713812  -3.323374  -3.328600  -3.288433  -3.248088  -0.040346   0.000179   0.045392
 8545.715883  -3.344507  -3.324718  -3.290722  -3.248796  -0.041927   0.007930   0.014207
 8545.717006  -3.354077  -3.325289  -3.290667  -3.252346  -0.038321   0.003700   0.005833
 8545.719113  -3.348092  -3.324322  -3.290706  -3.251836  -0.038870   0.005254   0.009847
 8545.720270  -3.338096  -3.325329  -3.293989  -3.246933  -0.047056   0.015716   0.018572
 8545.722365  -3.338134  -3.326786  -3.289261  -3.252367  -0.036894  -0.000631   0.026177
 8545.723673  -3.343923  -3.325217  -3.290844  -3.248169  -0.042675   0.008302   0.015666
 8545.725733  -3.349500  -3.330346  -3.293091  -3.254014  -0.039077   0.001823   0.018100
 8545.726775  -3.347310  -3.330558  -3.292553  -3.254193  -0.038360   0.000355   0.021253
 8545.728939  -3.347323  -3.328341  -3.293324  -3.249924  -0.043400   0.008384   0.016034
 8545.730108  -3.345795  -3.326021  -3.289851  -3.252327  -0.037524   0.001354   0.016396
 8545.732296  -3.355859  -3.331300  -3.299892  -3.257163  -0.042729   0.011320   0.006850
 8545.733499  -3.364523  -3.333399  -3.299537  -3.259863  -0.039674   0.005812   0.002738
 8545.735559  -3.364183  -3.337939  -3.299170  -3.258565  -0.040606   0.001837   0.012525
 8545.736659  -3.360070  -3.332432  -3.294514  -3.247164  -0.047350   0.009432   0.010280
 8545.738742  -3.362247  -3.338747  -3.296133  -3.252190  -0.043942   0.001328   0.019115
 8545.739934  -3.361212  -3.342613  -3.300093  -3.252058  -0.048035   0.005515   0.023920
 8553.587369  -3.335771  -3.321240  -3.289078  -3.244487  -0.044591   0.012429   0.017631
 8553.588457  -3.333782  -3.319989  -3.286460  -3.247614  -0.038846   0.005317   0.019736
 8553.590610  -3.328808  -3.318176  -3.284544  -3.241089  -0.043455   0.009824   0.023000
 8553.591756  -3.343194  -3.319943  -3.283206  -3.246870  -0.036336  -0.000401   0.013485
 8553.594348  -3.329861  -3.319630  -3.284107  -3.243906  -0.040201   0.004679   0.025291
 8553.595517  -3.326753  -3.320731  -3.285567  -3.242013  -0.043554   0.008390   0.029141
 8553.597658  -3.341251  -3.319956  -3.283670  -3.243119  -0.040551   0.004265   0.014991
 8553.598885  -3.336851  -3.319131  -3.285750  -3.242591  -0.043159   0.009778   0.015660
 8553.600980  -3.333709  -3.318662  -3.284532  -3.243791  -0.040741   0.006611   0.019083
 8553.602126  -3.329454  -3.320937  -3.284357  -3.242822  -0.041535   0.004955   0.028063
 8553.604232  -3.337739  -3.320712  -3.286601  -3.248661  -0.037940   0.003829   0.017084
 8553.605286  -3.340855  -3.321638  -3.287072  -3.250743  -0.036329   0.001764   0.015348
 8553.608237  -3.326606  -3.324599  -3.287389  -3.242150  -0.045240   0.008030   0.035203
 8553.609348  -3.341586  -3.321834  -3.284276  -3.246774  -0.037502  -0.000057   0.017807
 8553.611478  -3.350696  -3.320448  -3.282923  -3.252237  -0.030686  -0.006839   0.007277
 8553.612705  -3.340342  -3.321114  -3.286302  -3.248527  -0.037775   0.002963   0.015584
 8553.614800  -3.349077  -3.319572  -3.284283  -3.246093  -0.038190   0.002900   0.005784
 8553.615980  -3.345034  -3.320667  -3.285046  -3.245578  -0.039468   0.003846   0.011254
 8553.618110  -3.333900  -3.320081  -3.288045  -3.241870  -0.046174   0.014138   0.018217
 8553.619151  -3.338389  -3.319526  -3.284056  -3.245030  -0.039026   0.003557   0.016606
 8553.621316  -3.349196  -3.318855  -3.283056  -3.244129  -0.038927   0.003128   0.005457
 8553.622485  -3.345287  -3.321565  -3.283812  -3.250052  -0.033760  -0.003992   0.014030
 8553.624626  -3.342807  -3.323224  -3.288317  -3.249933  -0.038384   0.003478   0.015324
 8553.625841  -3.355090  -3.322198  -3.289295  -3.248964  -0.040330   0.007427   0.000011
 8553.627971  -3.351553  -3.323608  -3.287498  -3.251251  -0.036246   0.000136   0.008166
 8553.629140  -3.341668  -3.326111  -3.289879  -3.249879  -0.040001   0.003769   0.020674
 8553.631258  -3.349307  -3.325652  -3.287029  -3.252499  -0.034530  -0.004093   0.014968
 8553.632462  -3.346829  -3.325602  -3.290262  -3.247632  -0.042630   0.007290   0.014113
 8553.634452  -3.343597  -3.326457  -3.290790  -3.245438  -0.045352   0.009684   0.018526
 8553.635506  -3.353288  -3.328313  -3.291758  -3.252806  -0.038952   0.002397   0.011580
 8553.637658  -3.340845  -3.323136  -3.292384  -3.251378  -0.041006   0.010254   0.013044
 8553.638781  -3.338111  -3.325730  -3.292739  -3.254323  -0.038416   0.005425   0.020610
 8553.641177  -3.335585  -3.329602  -3.291410  -3.245859  -0.045551   0.007359   0.032209
 8553.642392  -3.333804  -3.330469  -3.290154  -3.247926  -0.042228   0.001912   0.036981
 8553.644476  -3.352195  -3.327896  -3.293857  -3.249528  -0.044329   0.010290   0.009740
 8553.645610  -3.348154  -3.327232  -3.293680  -3.248693  -0.044986   0.011434   0.012630
 8553.647705  -3.344911  -3.326486  -3.292818  -3.246446  -0.046372   0.012703   0.015244
 8553.649279  -3.346083  -3.328343  -3.294390  -3.246376  -0.048013   0.014060   0.016213
 8553.651432  -3.360761  -3.327370  -3.292650  -3.253855  -0.038795   0.004075   0.001328
 8553.652520  -3.346711  -3.326356  -3.290704  -3.254864  -0.035840   0.000188   0.015297
 8553.655934  -3.332858  -3.325468  -3.287833  -3.245466  -0.042367   0.004732   0.030244
 8553.657276  -3.340159  -3.322702  -3.288479  -3.242655  -0.045825   0.011602   0.016766
 8553.659499  -3.338624  -3.320006  -3.288160  -3.240232  -0.047928   0.016082   0.013228
 8553.660529  -3.331159  -3.321870  -3.287747  -3.243186  -0.044561   0.010438   0.024833
 8553.662693  -3.331681  -3.317130  -3.281971  -3.244366  -0.037604   0.002444   0.020609
 8553.663874  -3.330341  -3.320096  -3.283584  -3.249882  -0.033701  -0.002810   0.026267
 8553.666107  -3.323968  -3.317290  -3.279838  -3.245687  -0.034151  -0.003301   0.030773
 8553.667323  -3.327226  -3.314053  -3.278800  -3.238714  -0.040086   0.004833   0.022080
 8553.669418  -3.335935  -3.315110  -3.283734  -3.240907  -0.042827   0.011451   0.010552
 8553.670563  -3.349718  -3.313475  -3.283634  -3.238200  -0.045435   0.015594  -0.006403
 8553.672693  -3.345748  -3.316365  -3.279467  -3.246272  -0.033196  -0.003702   0.007515
 8553.674013  -3.333699  -3.315695  -3.280642  -3.241699  -0.038943   0.003890   0.017048
 8553.676501  -3.327398  -3.317330  -3.281362  -3.246147  -0.035214  -0.000754   0.025901
 8553.677635  -3.322555  -3.316276  -3.281614  -3.249000  -0.032614  -0.002048   0.028383
 8553.679904  -3.340250  -3.315356  -3.281462  -3.244307  -0.037155   0.003262   0.008999
 8553.681131  -3.337067  -3.317716  -3.279098  -3.241955  -0.037144  -0.001474   0.019267
 8553.683191  -3.333259  -3.319624  -3.282008  -3.243463  -0.038545   0.000929   0.023981
 8553.684302  -3.336083  -3.316244  -3.284226  -3.243497  -0.040729   0.008712   0.012179
 8553.686455  -3.344495  -3.319065  -3.284179  -3.248207  -0.035972   0.001086   0.009455
 8553.688538  -3.340567  -3.322471  -3.287857  -3.249852  -0.038005   0.003391   0.016518
 8553.691605  -3.339568  -3.328275  -3.290316  -3.252618  -0.037698  -0.000260   0.026665
 8553.692797  -3.343515  -3.330923  -3.287891  -3.255690  -0.032201  -0.010830   0.030440
 8553.695482  -3.335633  -3.335524  -3.296769  -3.253967  -0.042802   0.004047   0.038646
 8553.696489  -3.337236  -3.334861  -3.297877  -3.254909  -0.042968   0.005984   0.034609
 8553.698665  -3.363231  -3.334706  -3.300022  -3.256249  -0.043774   0.009090   0.006160
 8553.699823  -3.364640  -3.334853  -3.296927  -3.260475  -0.036452  -0.001473   0.008139
 8553.702763  -3.330257  -3.331124  -3.294803  -3.245995  -0.048807   0.012485   0.037189
 8553.704105  -3.333679  -3.331546  -3.293891  -3.248834  -0.045057   0.007401   0.035522
 8553.706432  -3.348455  -3.328619  -3.292059  -3.250028  -0.042032   0.005471   0.016724
 8553.707554  -3.340303  -3.329867  -3.293703  -3.244231  -0.049472   0.013308   0.025728
 8553.709742  -3.332640  -3.323243  -3.286424  -3.245629  -0.040795   0.003976   0.027422
 8553.710922  -3.332206  -3.323679  -3.285584  -3.245130  -0.040454   0.002358   0.029569
 8553.713098  -3.347544  -3.321230  -3.285037  -3.247857  -0.037179   0.000986   0.009879
 8553.714302  -3.340700  -3.323294  -3.285947  -3.249895  -0.036052  -0.001294   0.019940
 8553.716327  -3.334683  -3.318199  -3.285123  -3.247039  -0.038084   0.005009   0.016591
 8553.717381  -3.347770  -3.316468  -3.286233  -3.241666  -0.044567   0.014331  -0.001066
 8553.719452  -3.346449  -3.319517  -3.282569  -3.248553  -0.034017  -0.002931   0.010016
 8553.720668  -3.333807  -3.319898  -3.282410  -3.243407  -0.039003   0.001515   0.023580
 8553.722809  -3.342885  -3.323184  -3.290897  -3.252736  -0.038161   0.005874   0.012585
 8553.724024  -3.329924  -3.317961  -3.285147  -3.245796  -0.039350   0.006536   0.020851
 8553.726188  -3.336057  -3.322947  -3.285419  -3.243561  -0.041859   0.004331   0.024417
 8553.727543  -3.339695  -3.323619  -3.286436  -3.245261  -0.041175   0.003993   0.021106
 8553.729800  -3.327926  -3.323785  -3.289794  -3.245017  -0.044777   0.010787   0.029850
 8553.731050  -3.334405  -3.330308  -3.291798  -3.249920  -0.041878   0.003369   0.034412
 8553.733168  -3.359754  -3.332457  -3.293751  -3.251048  -0.042703   0.003996   0.011410
 8553.734337  -3.354183  -3.331491  -3.296370  -3.245680  -0.050690   0.015570   0.012429
 8554.582692  -3.352651  -3.321992  -3.287401  -3.253956  -0.033446  -0.001145   0.003931
 8554.583849  -3.351523  -3.323021  -3.286812  -3.253419  -0.033393  -0.002816   0.007707
 8554.586095  -3.331747  -3.328365  -3.287944  -3.248156  -0.039788  -0.000633   0.037039
 8554.587160  -3.339736  -3.324659  -3.290280  -3.243966  -0.046314   0.011935   0.019302
 8554.589243  -3.349328  -3.324158  -3.288316  -3.248508  -0.039808   0.003966   0.010672
 8554.590423  -3.344171  -3.324810  -3.288434  -3.247102  -0.041332   0.004955   0.017015
 8554.592657  -3.344066  -3.325481  -3.291025  -3.252456  -0.038569   0.004113   0.015871
 8554.593780  -3.340045  -3.323737  -3.291120  -3.249936  -0.041184   0.008567   0.016309
 8554.595840  -3.342094  -3.328111  -3.293930  -3.247408  -0.046522   0.012341   0.020199
 8554.596963  -3.347090  -3.329918  -3.292241  -3.254308  -0.037933   0.000257   0.020505
 8554.600238  -3.335729  -3.328903  -3.289271  -3.252034  -0.037237  -0.002395   0.032807
 8554.601419  -3.343491  -3.329196  -3.290076  -3.254074  -0.036003  -0.003117   0.024825
 8554.603629  -3.345448  -3.327786  -3.292279  -3.249448  -0.042831   0.007324   0.017846
 8554.604798  -3.348950  -3.327746  -3.292713  -3.247671  -0.045042   0.010009   0.013829
 8554.606928  -3.360169  -3.326996  -3.291435  -3.248157  -0.043278   0.007717   0.002387
 8554.608085  -3.355847  -3.326631  -3.290535  -3.249015  -0.041520   0.005423   0.006882
 8554.611245  -3.335817  -3.328900  -3.289744  -3.253937  -0.035807  -0.003349   0.032240
 8554.612391  -3.328963  -3.329495  -3.290261  -3.252382  -0.037879  -0.001355   0.039766
 8554.614590  -3.342603  -3.322898  -3.291801  -3.248090  -0.043711   0.012614   0.011393
 8554.615817  -3.347784  -3.324320  -3.291398  -3.248885  -0.042513   0.009592   0.009458
 8554.617947  -3.337838  -3.326977  -3.290527  -3.243829  -0.046698   0.010247   0.025590
 8554.619081  -3.334899  -3.324769  -3.288496  -3.245740  -0.042756   0.006484   0.026143
 8554.624960  -3.328055  -3.323114  -3.287006  -3.249574  -0.037432   0.001323   0.031168
 8554.626072  -3.332934  -3.322637  -3.289326  -3.249945  -0.039380   0.006069   0.023014
 8554.628259  -3.337598  -3.326030  -3.288685  -3.249740  -0.038944   0.001599   0.025778
 8554.630528  -3.350603  -3.324409  -3.291003  -3.244883  -0.046120   0.012714   0.007212
 8554.633757  -3.336204  -3.324683  -3.289295  -3.247984  -0.041311   0.005922   0.023868
 8554.635111  -3.349255  -3.325959  -3.290726  -3.247017  -0.043709   0.008476   0.011937
 8554.637264  -3.338074  -3.331078  -3.294999  -3.249967  -0.045032   0.008953   0.029083
 8554.638386  -3.337723  -3.331192  -3.296038  -3.253755  -0.042283   0.007129   0.028623
 8554.640585  -3.333272  -3.329970  -3.297696  -3.251682  -0.046015   0.013741   0.028972
 8554.641731  -3.355812  -3.325700  -3.293512  -3.252091  -0.041421   0.009233   0.002076
 8554.647356  -3.333477  -3.329982  -3.292963  -3.252591  -0.040372   0.003353   0.033525
 8554.648525  -3.334325  -3.329982  -3.291386  -3.252799  -0.038587  -0.000009   0.034252
 8554.650747  -3.351153  -3.327131  -3.292520  -3.251025  -0.041495   0.006884   0.010590
 8554.651940  -3.349540  -3.327076  -3.293328  -3.249762  -0.043567   0.009820   0.011283
 8554.654104  -3.348144  -3.325992  -3.291248  -3.252683  -0.038565   0.003820   0.012592
 8554.655296  -3.359213  -3.328475  -3.291650  -3.251526  -0.040123   0.003298   0.006087
 8554.658062  -3.335170  -3.331059  -3.292380  -3.252780  -0.039600   0.000921   0.034568
 8554.659150  -3.323473  -3.326860  -3.292290  -3.248930  -0.043360   0.008789   0.037957
 8554.661222  -3.352916  -3.327171  -3.289056  -3.250854  -0.038202   0.000087   0.012370
 8554.662368  -3.351011  -3.327930  -3.288792  -3.248533  -0.040259   0.001121   0.016057
 8554.664602  -3.346607  -3.328972  -3.286504  -3.249786  -0.036718  -0.005750   0.024833
 8554.665794  -3.355207  -3.326866  -3.286703  -3.246989  -0.039714  -0.000449   0.011822
 8554.667935  -3.346065  -3.325506  -3.286650  -3.240574  -0.046077   0.007221   0.018296
 8554.669139  -3.336303  -3.326787  -3.284167  -3.245381  -0.038786  -0.003834   0.033105
 8554.673791  -3.341108  -3.326657  -3.288354  -3.248295  -0.040059   0.001756   0.023852
 8554.678398  -3.334956  -3.327612  -3.290515  -3.251915  -0.038600   0.001502   0.029753
 8554.679578  -3.334962  -3.327235  -3.291687  -3.244305  -0.047381   0.011833   0.027822
 8556.581841  -3.346207  -3.325734  -3.289937  -3.251840  -0.038097   0.002301   0.015324
 8556.582917  -3.345423  -3.325671  -3.292294  -3.252090  -0.040204   0.006828   0.013625
 8556.584989  -3.347259  -3.326322  -3.290589  -3.253925  -0.036664   0.000931   0.014797
 8556.586216  -3.342857  -3.322628  -3.291201  -3.252201  -0.039000   0.007574   0.011198
 8556.588496  -3.333077  -3.323239  -3.292195  -3.253677  -0.038517   0.007473   0.021206
 8556.591135  -3.343836  -3.325147  -3.291402  -3.253545  -0.037857   0.004111   0.015057
 8556.593287  -3.341501  -3.325282  -3.290225  -3.248456  -0.041769   0.006713   0.018838
 8556.594480  -3.338015  -3.321636  -3.287834  -3.247240  -0.040593   0.006791   0.017423
 8556.596690  -3.351937  -3.321098  -3.291161  -3.246104  -0.045057   0.015120  -0.000903
 8556.597952  -3.360148  -3.318431  -3.285734  -3.245066  -0.040668   0.007971  -0.009020
 8556.600081  -3.342853  -3.320489  -3.289671  -3.247832  -0.041839   0.011021   0.008454
 8556.601146  -3.329941  -3.318973  -3.287013  -3.240481  -0.046532   0.014572   0.020992
 8556.603264  -3.333046  -3.316905  -3.279172  -3.242579  -0.036593  -0.001140   0.021591
 8556.607431  -3.319808  -3.311957  -3.276732  -3.236441  -0.040291   0.005066   0.027374
 8556.617570  -3.327626  -3.319040  -3.285029  -3.247693  -0.037336   0.003326   0.025424
 8556.619537  -3.338659  -3.321169  -3.294236  -3.249129  -0.045107   0.018175   0.009442
 8556.624098  -3.348405  -3.328287  -3.296051  -3.253536  -0.042515   0.010278   0.012119
 8556.625857  -3.353909  -3.330545  -3.296051  -3.256308  -0.039743   0.005248   0.011131
 8556.627836  -3.336086  -3.334671  -3.295843  -3.252188  -0.043655   0.004826   0.037413
 8556.629005  -3.332864  -3.335154  -3.295649  -3.251002  -0.044646   0.005141   0.041795
 8556.631169  -3.343957  -3.338894  -3.294881  -3.259039  -0.035842  -0.008171   0.038950
 8556.633716  -3.340596  -3.334687  -3.294894  -3.256838  -0.038056  -0.001736   0.033883
 8556.636459  -3.348003  -3.333439  -3.293398  -3.255213  -0.038185  -0.001856   0.025477
 8556.638936  -3.347140  -3.325344  -3.292029  -3.248946  -0.043083   0.009769   0.011518
 8556.641297  -3.334514  -3.322167  -3.287965  -3.247419  -0.040546   0.006343   0.021856
 8556.642443  -3.327863  -3.320807  -3.283302  -3.249539  -0.033764  -0.003741   0.030448
 8556.644456  -3.342878  -3.317487  -3.282017  -3.244972  -0.037045   0.001575   0.010080
 8556.645602  -3.340450  -3.315416  -3.280714  -3.243512  -0.037203   0.002501   0.009667
 8556.647743  -3.356977  -3.308321  -3.278189  -3.241017  -0.037171   0.007039  -0.018523
 8556.649734  -3.345619  -3.310569  -3.277124  -3.240731  -0.036392   0.002947  -0.001604
 8556.652153  -3.342050  -3.305324  -3.272819  -3.233505  -0.039314   0.006809  -0.004221
 8556.653392  -3.336130  -3.308904  -3.275274  -3.243871  -0.031403  -0.002227   0.006403
 8556.655475  -3.324617  -3.309597  -3.278792  -3.242260  -0.036531   0.005726   0.015785
 8556.656574  -3.330797  -3.309115  -3.277782  -3.237664  -0.040118   0.008785   0.009651
 8556.658669  -3.329115  -3.309671  -3.273778  -3.241182  -0.032597  -0.003296   0.016448
 8556.660139  -3.332496  -3.315319  -3.278426  -3.243280  -0.035146  -0.001747   0.019716
 8556.663322  -3.343932  -3.312916  -3.281888  -3.239546  -0.042342   0.011315   0.000012
 8556.667037  -3.321711  -3.315575  -3.283547  -3.241665  -0.041882   0.009854   0.025892
 8556.669202  -3.327538  -3.321071  -3.286431  -3.244595  -0.041837   0.007197   0.028172
 8556.670336  -3.325985  -3.321265  -3.284783  -3.240728  -0.044055   0.007572   0.031763
 8556.672385  -3.330312  -3.323045  -3.286595  -3.248335  -0.038260   0.001810   0.029183
 8556.675128  -3.315034  -3.330333  -3.292124  -3.251137  -0.040987   0.002778   0.053508
 8556.677246  -3.320128  -3.330626  -3.294478  -3.249706  -0.044772   0.008624   0.046646
 8556.678438  -3.323975  -3.331574  -3.296290  -3.250319  -0.045971   0.010687   0.042882
 8556.680475  -3.353407  -3.331042  -3.293926  -3.253445  -0.040481   0.003365   0.014751
 8556.681655  -3.360015  -3.331631  -3.294058  -3.251497  -0.042561   0.004988   0.009189
 8556.683820  -3.355917  -3.333662  -3.297912  -3.257176  -0.040735   0.004985   0.013496
 8556.686482  -3.352316  -3.334105  -3.296260  -3.257366  -0.038893   0.001048   0.019635
 8556.688646  -3.351271  -3.332967  -3.299634  -3.260547  -0.039087   0.005755   0.015028
 8556.689734  -3.343988  -3.335019  -3.297768  -3.256674  -0.041095   0.003845   0.028281
 8556.691794  -3.358789  -3.328486  -3.290931  -3.247624  -0.043307   0.005752   0.007251
 8556.693577  -3.352961  -3.328490  -3.294509  -3.248413  -0.046096   0.012115   0.009509
 8556.695868  -3.341433  -3.329611  -3.295686  -3.252012  -0.043673   0.009748   0.022104
 8556.697107  -3.352023  -3.324016  -3.292853  -3.252135  -0.040718   0.009555   0.003157
 8556.700220  -3.350580  -3.325273  -3.289715  -3.250795  -0.038921   0.003362   0.010251
 8556.702987  -3.351552  -3.318910  -3.283317  -3.243017  -0.040301   0.004708   0.002951
 8556.705475  -3.336340  -3.311732  -3.280019  -3.237646  -0.042373   0.010660   0.007106
 8556.706702  -3.333662  -3.312847  -3.282101  -3.239654  -0.042447   0.011701   0.009931
 8556.708947  -3.317355  -3.314798  -3.277865  -3.244984  -0.032881  -0.004052   0.034376
 8556.710822  -3.326503  -3.311494  -3.276449  -3.242068  -0.034382  -0.000663   0.020037
 8556.713403  -3.320607  -3.312219  -3.279303  -3.239398  -0.039905   0.006989   0.024528
 8556.714514  -3.321129  -3.311505  -3.276589  -3.237699  -0.038889   0.003973   0.025292
 8556.716517  -3.342586  -3.313293  -3.278886  -3.236227  -0.042658   0.008251   0.005114
 8556.717628  -3.349156  -3.312485  -3.277441  -3.233789  -0.043653   0.008609  -0.001627
 8556.719815  -3.345218  -3.315352  -3.278075  -3.240103  -0.037972   0.000695   0.007411
 8556.721308  -3.340142  -3.320003  -3.280746  -3.240633  -0.040114   0.000857   0.019119
 8556.723519  -3.334345  -3.313934  -3.283761  -3.236198  -0.047563   0.017390   0.009762
 8556.724746  -3.349725  -3.321753  -3.291851  -3.245879  -0.045972   0.016070   0.001930
 8556.726968  -3.342145  -3.325427  -3.292765  -3.249488  -0.043277   0.010614   0.015945
 8556.728206  -3.374249  -3.328470  -3.292356  -3.249456  -0.042900   0.006786  -0.009664
 8556.730336  -3.361073  -3.343154  -3.302950  -3.254714  -0.048236   0.008031   0.022286
 8556.731470  -3.375601  -3.342225  -3.304078  -3.255104  -0.048974   0.010827   0.004770
 8556.733739  -3.391219  -3.343818  -3.307071  -3.257802  -0.049269   0.012521  -0.010653
 8556.735267  -3.372713  -3.342802  -3.306164  -3.253737  -0.052427   0.015789   0.006727
 8557.579058  -3.348701  -3.328598  -3.291696  -3.251495  -0.040201   0.003300   0.016798
 8557.580204  -3.348073  -3.327806  -3.291256  -3.247322  -0.043934   0.007383   0.016283
 8557.582345  -3.335476  -3.326319  -3.293652  -3.246861  -0.046791   0.014123   0.023510
 8557.583606  -3.337737  -3.324993  -3.292117  -3.250558  -0.041559   0.008683   0.020132
 8557.586199  -3.327629  -3.326355  -3.290246  -3.252267  -0.037979   0.001871   0.034835
 8557.587252  -3.317205  -3.327284  -3.293947  -3.250467  -0.043480   0.010144   0.043415
 8557.589324  -3.349576  -3.327573  -3.291800  -3.253720  -0.038081   0.002308   0.013769
 8557.591199  -3.343617  -3.325025  -3.292303  -3.250590  -0.041713   0.008991   0.014130
 8557.593375  -3.330885  -3.320592  -3.290074  -3.246639  -0.043436   0.012917   0.020226
 8557.594625  -3.327729  -3.322439  -3.288229  -3.251434  -0.036795   0.002585   0.028920
 8557.598514  -3.341750  -3.324283  -3.291764  -3.250726  -0.041038   0.008519   0.015052
 8557.599625  -3.357461  -3.325410  -3.294477  -3.247525  -0.046952   0.016019  -0.001118
 8557.601766  -3.340181  -3.322669  -3.289747  -3.250247  -0.039500   0.006577   0.015411
 8557.602993  -3.347243  -3.323019  -3.285710  -3.251580  -0.034130  -0.003179   0.013084
 8557.605817  -3.347970  -3.323120  -3.285136  -3.247295  -0.037841  -0.000143   0.013134
 8557.607044  -3.332295  -3.320081  -3.285730  -3.240874  -0.044856   0.010505   0.022137
 8557.609255  -3.338089  -3.319878  -3.282233  -3.243481  -0.038752   0.001107   0.019433
 8557.610551  -3.344679  -3.316236  -3.280345  -3.239518  -0.040826   0.004934   0.007449
 8557.612738  -3.332681  -3.315310  -3.280576  -3.242488  -0.038088   0.003355   0.017362
 8557.613896  -3.337079  -3.313438  -3.280573  -3.244623  -0.035950   0.003085   0.009224
 8557.618109  -3.334172  -3.315176  -3.279268  -3.240361  -0.038907   0.002999   0.016911
 8557.619278  -3.335061  -3.318258  -3.281500  -3.244321  -0.037179   0.000421   0.019955
 8557.625678  -3.328257  -3.328088  -3.292648  -3.247972  -0.044676   0.009236   0.035270
 8557.627206  -3.347340  -3.326823  -3.292503  -3.248873  -0.043631   0.009311   0.013802
 8557.629428  -3.340794  -3.336430  -3.298041  -3.257000  -0.041042   0.002653   0.034025
 8557.630643  -3.363823  -3.331174  -3.295451  -3.260228  -0.035223  -0.000499   0.003073
 8557.632935  -3.359230  -3.331557  -3.297716  -3.254330  -0.043386   0.009545   0.006168
 8557.634127  -3.357948  -3.334226  -3.297750  -3.256240  -0.041510   0.005034   0.012754
 8557.636187  -3.347879  -3.333851  -3.297350  -3.254604  -0.042746   0.006245   0.022474
 8557.637264  -3.353198  -3.336424  -3.300173  -3.253986  -0.046187   0.009936   0.019478
 8557.639370  -3.353458  -3.334015  -3.296061  -3.255078  -0.040983   0.003029   0.018511
 8557.641338  -3.340300  -3.330200  -3.296317  -3.254655  -0.041663   0.007779   0.023784
 8557.647866  -3.333061  -3.324907  -3.292892  -3.246850  -0.046042   0.014027   0.023862
 8557.650342  -3.322189  -3.326230  -3.292593  -3.241194  -0.051400   0.017763   0.037678
 8557.652414  -3.338653  -3.326706  -3.290544  -3.248399  -0.042144   0.005982   0.024216
 8557.653537  -3.357916  -3.323922  -3.287881  -3.250832  -0.037048   0.001007   0.002047
 8557.655539  -3.335308  -3.320669  -3.287633  -3.246982  -0.040651   0.007616   0.018397
 8557.656650  -3.339553  -3.320094  -3.286488  -3.245429  -0.041058   0.007452   0.014147
 8557.658745  -3.347899  -3.319326  -3.284434  -3.245963  -0.038471   0.003579   0.006319
 8557.660748  -3.340541  -3.318245  -3.283941  -3.242476  -0.041465   0.007161   0.012007
 8557.663178  -3.342503  -3.317262  -3.283353  -3.244534  -0.038819   0.004910   0.008669
 8557.664428  -3.336707  -3.318097  -3.283680  -3.249137  -0.034543   0.000127   0.015807
 8557.666546  -3.341458  -3.318428  -3.283053  -3.242231  -0.040822   0.005447   0.012346
 8557.667623  -3.336765  -3.318555  -3.281282  -3.236880  -0.044403   0.007130   0.019063
 8557.669706  -3.337672  -3.318660  -3.280509  -3.241766  -0.038742   0.000591   0.019139
 8557.672576  -3.342991  -3.318751  -3.282768  -3.241366  -0.041402   0.005418   0.011744
 8557.674660  -3.354143  -3.321615  -3.286144  -3.245090  -0.041054   0.005582   0.002944
 8557.675771  -3.347992  -3.322314  -3.288854  -3.244689  -0.044165   0.010706   0.007781
 8557.677796  -3.344799  -3.321894  -3.287716  -3.245181  -0.042535   0.008357   0.011273
 8557.678965  -3.337130  -3.321186  -3.286767  -3.243816  -0.042952   0.008533   0.018475
 8557.681130  -3.349193  -3.331768  -3.293042  -3.255471  -0.037571  -0.001155   0.021302
 8557.682727  -3.347191  -3.327642  -3.291151  -3.247630  -0.043520   0.007029   0.016941
 8557.684856  -3.345251  -3.330714  -3.295882  -3.252104  -0.043778   0.008946   0.020295
 8557.686095  -3.342896  -3.332998  -3.296906  -3.259890  -0.037016   0.000924   0.026194
 8557.688595  -3.354005  -3.336129  -3.299067  -3.257810  -0.041257   0.004195   0.019186
 8557.689683  -3.352624  -3.336011  -3.298475  -3.255632  -0.042843   0.005308   0.020922
 8557.691708  -3.353465  -3.336131  -3.299452  -3.260290  -0.039162   0.002484   0.019345
 8557.692947  -3.334938  -3.338861  -3.303934  -3.257760  -0.046174   0.011247   0.038850
 8557.695354  -3.356724  -3.335063  -3.297285  -3.257239  -0.040045   0.002267   0.016117
 8557.696535  -3.362332  -3.334728  -3.297793  -3.258791  -0.039001   0.002066   0.009331
 8557.698676  -3.336857  -3.331609  -3.297622  -3.252558  -0.045064   0.011077   0.028739
 8557.699903  -3.345295  -3.334198  -3.297166  -3.262645  -0.034522  -0.002509   0.025933
 8557.702680  -3.361596  -3.334536  -3.298406  -3.257990  -0.040416   0.004286   0.009071
 8557.703815  -3.352633  -3.335052  -3.298354  -3.253403  -0.044951   0.008254   0.019116
 8557.705967  -3.335372  -3.331361  -3.294243  -3.251650  -0.042593   0.005475   0.033106
 8557.707565  -3.341037  -3.322886  -3.290592  -3.246856  -0.043736   0.011441   0.014143
 8557.709741  -3.337462  -3.320600  -3.290329  -3.241546  -0.048783   0.018512   0.013409
 8557.710979  -3.333457  -3.319305  -3.285848  -3.243224  -0.042623   0.009166   0.019306
 8557.713548  -3.333389  -3.319230  -3.283332  -3.246517  -0.036815   0.000918   0.021738
 8557.714660  -3.332787  -3.317682  -3.282278  -3.242122  -0.040156   0.004753   0.020299
 8557.716755  -3.334066  -3.318971  -3.282145  -3.241230  -0.040915   0.004090   0.021731
 8557.718479  -3.341686  -3.312624  -3.279078  -3.234920  -0.044157   0.010611   0.004485
 8557.720736  -3.353403  -3.314989  -3.282954  -3.245059  -0.037895   0.005860  -0.006378
 8557.721870  -3.347535  -3.317965  -3.281421  -3.247433  -0.033988  -0.002556   0.006974
 8557.724764  -3.320646  -3.319604  -3.283688  -3.241514  -0.042174   0.006258   0.034874
 8557.725910  -3.319424  -3.321082  -3.286331  -3.243680  -0.042651   0.007899   0.036410
 8585.393787  -3.357585  -3.317359  -3.285212  -3.246897  -0.038315   0.006168  -0.008079
 8585.397445  -3.334304  -3.324404  -3.284176  -3.244601  -0.039575  -0.000653   0.030329
 8585.399447  -3.328062  -3.327705  -3.288724  -3.246696  -0.042028   0.003047   0.038625
 8585.400581  -3.340143  -3.325465  -3.287503  -3.249559  -0.037943  -0.000019   0.023284
 8585.402954  -3.364031  -3.329388  -3.293853  -3.252006  -0.041847   0.006312   0.000892
 8585.405107  -3.354079  -3.332476  -3.289974  -3.262147  -0.027828  -0.014674   0.020899
 8585.407399  -3.339567  -3.332514  -3.287648  -3.256970  -0.030678  -0.014188   0.037812
 8585.410003  -3.338572  -3.330897  -3.288615  -3.247914  -0.040701  -0.001580   0.034606
 8585.412815  -3.351925  -3.329132  -3.291208  -3.249594  -0.041613   0.003689   0.015132
 8585.414204  -3.334686  -3.327761  -3.287575  -3.252537  -0.035038  -0.005149   0.033263
 8585.416299  -3.355581  -3.325607  -3.287751  -3.249255  -0.038496   0.000641   0.007881
 8585.417399  -3.359953  -3.325694  -3.286935  -3.251285  -0.035650  -0.003110   0.004501
 8585.420037  -3.353586  -3.321461  -3.284976  -3.249075  -0.035901  -0.000584   0.004359
 8585.421183  -3.331865  -3.324573  -3.285940  -3.247377  -0.038562  -0.000071   0.031341
 8585.423313  -3.344964  -3.316070  -3.280597  -3.245713  -0.034883  -0.000590   0.006579
 8585.424470  -3.328200  -3.322327  -3.287377  -3.242933  -0.044445   0.009495   0.029077
 8585.426855  -3.334076  -3.320234  -3.284575  -3.247981  -0.036594   0.000935   0.021817
 8585.428336  -3.324461  -3.320533  -3.283264  -3.249570  -0.033694  -0.003576   0.033342
 8585.430952  -3.327106  -3.320033  -3.285274  -3.246293  -0.038981   0.004222   0.027686
 8585.432155  -3.355018  -3.330775  -3.292813  -3.258379  -0.034434  -0.003528   0.013719
 8585.434320  -3.329715  -3.317732  -3.281701  -3.238364  -0.043336   0.007306   0.024048
 8585.435466  -3.324716  -3.324282  -3.288763  -3.239771  -0.048992   0.013472   0.035086
 8585.437769  -3.332279  -3.326023  -3.285488  -3.248785  -0.036703  -0.003832   0.034279
 8585.439447  -3.330443  -3.321573  -3.285867  -3.247369  -0.038498   0.002793   0.026835
 8585.441959  -3.340944  -3.323783  -3.288951  -3.250681  -0.038270   0.003438   0.017672
 8585.445662  -3.348091  -3.328338  -3.290156  -3.251740  -0.038416   0.000234   0.018430
 8585.447873  -3.350858  -3.328306  -3.291256  -3.252392  -0.038864   0.001814   0.014498
 8585.449077  -3.330793  -3.330765  -3.295937  -3.249206  -0.046731   0.011903   0.034799
 8585.451345  -3.320090  -3.332007  -3.293710  -3.249302  -0.044408   0.006111   0.050213
 8585.452711  -3.330404  -3.334897  -3.295680  -3.250016  -0.045664   0.006447   0.043710
 8585.454794  -3.355787  -3.337669  -3.297422  -3.252315  -0.045107   0.004860   0.022129
 8585.455906  -3.366034  -3.334069  -3.293414  -3.248982  -0.044432   0.003776   0.008691
 8585.458093  -3.356861  -3.334518  -3.298040  -3.246986  -0.051054   0.014576   0.014135
 8585.459308  -3.352362  -3.335543  -3.297859  -3.251668  -0.046191   0.008508   0.020865
 8585.461588  -3.340216  -3.336654  -3.298545  -3.255085  -0.043460   0.005351   0.034547
 8585.462838  -3.352511  -3.333285  -3.293520  -3.255858  -0.037662  -0.002103   0.020538
 8585.465095  -3.340446  -3.333690  -3.293219  -3.249379  -0.043840   0.003370   0.033714
 8585.466380  -3.351314  -3.331797  -3.292916  -3.248410  -0.044506   0.005625   0.019364
 8585.468602  -3.338171  -3.328991  -3.289597  -3.251312  -0.038285  -0.001109   0.030213
 8585.469818  -3.340409  -3.326090  -3.288277  -3.251430  -0.036848  -0.000965   0.023493
 8585.472040  -3.344637  -3.326224  -3.289960  -3.246002  -0.043958   0.007693   0.017852
 8585.473903  -3.328529  -3.323745  -3.290150  -3.246526  -0.043625   0.010031   0.028810
 8585.476079  -3.352790  -3.320496  -3.285722  -3.249358  -0.036364   0.001590   0.002481
 8585.477769  -3.363758  -3.319785  -3.285285  -3.246418  -0.038866   0.004366  -0.009472
 8585.480686  -3.337291  -3.314504  -3.281968  -3.239708  -0.042259   0.009723   0.009750
 8585.483348  -3.310716  -3.315819  -3.280978  -3.242078  -0.038900   0.004059   0.039944
 8585.485570  -3.339031  -3.315853  -3.280953  -3.234625  -0.046328   0.011428   0.011722
 8585.486669  -3.344180  -3.314424  -3.281131  -3.240370  -0.040762   0.007469   0.003537
 8585.489146  -3.341700  -3.319266  -3.285117  -3.244957  -0.040160   0.006011   0.011715
 8585.490720  -3.352611  -3.321244  -3.285550  -3.251456  -0.034094  -0.001600   0.004326
 8585.493267  -3.334968  -3.323321  -3.283856  -3.250633  -0.033224  -0.006241   0.027818
 8585.494852  -3.358766  -3.323402  -3.286845  -3.251781  -0.035064  -0.001493   0.001193
 8585.498139  -3.350046  -3.324543  -3.290908  -3.250966  -0.039941   0.006306   0.008133
 8585.499343  -3.339638  -3.331075  -3.293944  -3.253900  -0.040043   0.002913   0.028568
 8585.501982  -3.332083  -3.331399  -3.292653  -3.242892  -0.049761   0.011015   0.038062
 8585.503035  -3.328590  -3.335738  -3.290822  -3.251810  -0.039012  -0.005904   0.052064
 8585.505188  -3.347976  -3.329730  -3.289974  -3.250411  -0.039563  -0.000194   0.021511
 8585.506392  -3.350832  -3.330935  -3.292274  -3.251164  -0.041110   0.002450   0.018763
 8585.508683  -3.339153  -3.332226  -3.296721  -3.255946  -0.040775   0.005270   0.028578
 8585.510304  -3.336970  -3.330061  -3.297000  -3.256670  -0.040330   0.007268   0.026152
 8585.513081  -3.329032  -3.326561  -3.295374  -3.244269  -0.051105   0.019918   0.028716
 8585.514169  -3.333137  -3.329418  -3.294428  -3.250245  -0.044183   0.009192   0.031272
 8585.516276  -3.343260  -3.334122  -3.295969  -3.253388  -0.042581   0.004428   0.029016
 8585.517526  -3.335493  -3.336715  -3.296458  -3.255003  -0.041455   0.001198   0.041478
 8585.519841  -3.332359  -3.334396  -3.296587  -3.254330  -0.042258   0.004449   0.039847
 8585.521160  -3.353464  -3.335637  -3.298149  -3.254535  -0.043614   0.006126   0.019662
 8585.523706  -3.358928  -3.339487  -3.300543  -3.253517  -0.047026   0.008082   0.019503
 8585.525547  -3.339250  -3.338075  -3.301041  -3.252395  -0.048647   0.011613   0.035858
 8585.530338  -3.352697  -3.331883  -3.296205  -3.258320  -0.037886   0.002209   0.014863
 8585.532017  -3.343740  -3.326909  -3.292652  -3.257422  -0.035230   0.000972   0.017426
 8585.534239  -3.343171  -3.327321  -3.292086  -3.251870  -0.040216   0.004982   0.019385
 8585.535500  -3.347844  -3.328500  -3.294115  -3.246876  -0.047238   0.012853   0.015042
 8585.537688  -3.365204  -3.328797  -3.294118  -3.253883  -0.040235   0.005557  -0.001729
 8585.542572  -3.343502  -3.329673  -3.292100  -3.253666  -0.038434   0.000862   0.023743
 8585.546091  -3.352222  -3.322220  -3.286958  -3.245156  -0.041803   0.006541   0.005261
 8585.547375  -3.358514  -3.321873  -3.286119  -3.246803  -0.039316   0.003562  -0.000887
 8585.549899  -3.349026  -3.319269  -3.283488  -3.250620  -0.032868  -0.002913   0.006024
 8585.551149  -3.342560  -3.319745  -3.284781  -3.252224  -0.032557  -0.002407   0.012150
 8585.553822  -3.344672  -3.317721  -3.287590  -3.243783  -0.043807   0.013675   0.003180
 8585.556473  -3.323817  -3.317187  -3.287431  -3.240816  -0.046615   0.016859   0.023126
 8585.558521  -3.348617  -3.321983  -3.291016  -3.245003  -0.046012   0.015045   0.004334
 8585.559655  -3.352070  -3.328449  -3.291935  -3.249969  -0.041966   0.005453   0.012891
 8585.561831  -3.352729  -3.327340  -3.290481  -3.246929  -0.043552   0.006693   0.011470
 8585.562977  -3.353108  -3.327405  -3.291402  -3.247407  -0.043995   0.007992   0.010301
 8585.565419  -3.348469  -3.328381  -3.289347  -3.257717  -0.031630  -0.007405   0.018947
 8585.566669  -3.351439  -3.330784  -3.294075  -3.257199  -0.036875   0.000166   0.016054
 8585.568880  -3.350469  -3.333469  -3.295384  -3.260174  -0.035210  -0.002875   0.021085
 8585.570095  -3.353148  -3.337874  -3.297773  -3.259089  -0.038684  -0.001418   0.024827
 8585.572399  -3.344687  -3.333146  -3.296666  -3.254036  -0.042630   0.006150   0.024938
 8585.573672  -3.350438  -3.333845  -3.294343  -3.259597  -0.034746  -0.004756   0.022908
 8585.575917  -3.348054  -3.333265  -3.296776  -3.255802  -0.040974   0.004486   0.021699
 8585.578741  -3.341007  -3.328241  -3.292006  -3.248244  -0.043762   0.007527   0.023469
 8585.581160  -3.337048  -3.330453  -3.291779  -3.254243  -0.037536  -0.001138   0.032079
 8585.582318  -3.345974  -3.323686  -3.287444  -3.249144  -0.038300   0.002059   0.013953
 8585.585234  -3.328651  -3.324513  -3.286551  -3.244189  -0.042362   0.004399   0.033825
 8585.586507  -3.338297  -3.325719  -3.290514  -3.245112  -0.045402   0.010196   0.022628
 8585.590327  -3.333573  -3.319933  -3.286266  -3.247713  -0.038552   0.004885   0.020029
 8585.592352  -3.328371  -3.325786  -3.293205  -3.249703  -0.043502   0.010922   0.029996
 8585.595095  -3.350989  -3.328579  -3.291809  -3.259467  -0.032341  -0.004429   0.014361
 8585.596299  -3.349867  -3.328999  -3.290606  -3.253277  -0.037329  -0.001064   0.017525
 8585.598544  -3.340378  -3.329899  -3.293173  -3.256591  -0.036583  -0.000144   0.026247
 8585.600489  -3.331429  -3.329083  -3.292506  -3.257954  -0.034552  -0.002026   0.034232
 8585.604146  -3.335490  -3.335496  -3.293516  -3.257241  -0.036275  -0.005704   0.041985
 8585.605500  -3.324379  -3.334906  -3.292497  -3.258970  -0.033527  -0.008882   0.052937
 8585.608081  -3.327944  -3.329236  -3.294288  -3.253159  -0.041129   0.006181   0.036240
 8585.609320  -3.325476  -3.326033  -3.290879  -3.252041  -0.038838   0.003684   0.035711
 8585.611646  -3.341989  -3.327101  -3.292035  -3.250062  -0.041973   0.006906   0.020180
 8585.612815  -3.332761  -3.332400  -3.293987  -3.250557  -0.043430   0.005017   0.038053
 8585.615304  -3.354853  -3.328880  -3.293734  -3.250557  -0.043177   0.008031   0.009174
 8585.616982  -3.335346  -3.329494  -3.293245  -3.251076  -0.042169   0.005919   0.030398
 8585.619864  -3.330719  -3.326375  -3.285915  -3.248765  -0.037150  -0.003310   0.036115
 8585.621033  -3.339918  -3.324802  -3.287258  -3.252431  -0.034827  -0.002717   0.022428
 8585.623984  -3.340621  -3.331525  -3.292757  -3.255380  -0.037377  -0.001390   0.029671
 8585.625165  -3.343236  -3.331807  -3.296747  -3.248109  -0.048638   0.013579   0.023630
 8585.627954  -3.337096  -3.328618  -3.295148  -3.250055  -0.045094   0.011624   0.024992
 8585.629204  -3.337787  -3.335831  -3.298678  -3.261404  -0.037275   0.000122   0.035197
 8585.631577  -3.344523  -3.333986  -3.296179  -3.264487  -0.031692  -0.006115   0.027270
 8585.633787  -3.333827  -3.331946  -3.295583  -3.263974  -0.031609  -0.004754   0.034482
 8585.636484  -3.343470  -3.330807  -3.294660  -3.257525  -0.037135   0.000989   0.023483
 8585.637630  -3.342511  -3.328862  -3.293729  -3.259617  -0.034112  -0.001020   0.021483
 8585.639933  -3.332147  -3.325497  -3.286386  -3.251560  -0.034827  -0.004284   0.032461
 8585.641264  -3.334414  -3.324134  -3.288015  -3.240471  -0.047543   0.011424   0.025840
 8585.643324  -3.324302  -3.318094  -3.280328  -3.240551  -0.039777   0.002011   0.031558
 8585.644343  -3.329438  -3.316331  -3.275724  -3.245582  -0.030142  -0.010465   0.027499
 8585.646519  -3.346379  -3.316717  -3.284173  -3.241366  -0.042807   0.010262   0.002883
 8585.647896  -3.344211  -3.315318  -3.281048  -3.247766  -0.033282  -0.000988   0.005377
 8585.650547  -3.327684  -3.309830  -3.276940  -3.235073  -0.041867   0.008977   0.015036
 8585.651901  -3.322701  -3.317248  -3.281517  -3.241997  -0.039520   0.003789   0.030277
 8585.654517  -3.331502  -3.318469  -3.283479  -3.253162  -0.030317  -0.004673   0.021956
 8585.655605  -3.334605  -3.321430  -3.286070  -3.253784  -0.032286  -0.003074   0.022184
 8585.657919  -3.349814  -3.320516  -3.290677  -3.246501  -0.044175   0.014335   0.000542
 8585.659783  -3.346756  -3.322730  -3.288970  -3.251191  -0.037779   0.004020   0.009733
 8585.662433  -3.344888  -3.322705  -3.286151  -3.249762  -0.036390  -0.000164   0.014370
 8585.663683  -3.344417  -3.325477  -3.285695  -3.248176  -0.037518  -0.002264   0.020842
 8585.666091  -3.326417  -3.331927  -3.288562  -3.248419  -0.040143  -0.003222   0.048875
 8585.667503  -3.333950  -3.327629  -3.289280  -3.255507  -0.033773  -0.004575   0.032026
 8585.669667  -3.331405  -3.324653  -3.289548  -3.252656  -0.036893   0.001788   0.028353
 8585.670743  -3.344767  -3.328542  -3.293037  -3.249361  -0.043676   0.008172   0.019279
 8585.672954  -3.354654  -3.326763  -3.293276  -3.254486  -0.038790   0.005304   0.005595
 8585.674436  -3.343819  -3.330742  -3.296539  -3.254685  -0.041854   0.007651   0.021126
 8585.676473  -3.331867  -3.333323  -3.295399  -3.255711  -0.039688   0.001764   0.039380
 8585.677595  -3.324119  -3.327557  -3.290230  -3.249722  -0.040508   0.003181   0.040765
 8585.680118  -3.333635  -3.328032  -3.290340  -3.248442  -0.041898   0.004206   0.032090
 8585.681392  -3.336004  -3.322497  -3.289198  -3.250133  -0.039065   0.005766   0.019791
 8585.683510  -3.342685  -3.326229  -3.292043  -3.248901  -0.043142   0.008955   0.017731
 8585.684598  -3.328954  -3.322588  -3.289261  -3.242874  -0.046387   0.013061   0.026959
 8585.686831  -3.338552  -3.321264  -3.289221  -3.242825  -0.046396   0.014352   0.014755
 8585.688591  -3.346067  -3.321060  -3.291112  -3.247241  -0.043871   0.013923   0.004941
 8585.691438  -3.329293  -3.323556  -3.296782  -3.253893  -0.042890   0.016116   0.021036
 8604.468046  -3.361417  -3.319291  -3.284427  -3.247162  -0.037265   0.002402  -0.007263
 8604.469331  -3.355308  -3.318108  -3.284447  -3.245242  -0.039204   0.005543  -0.003539
 8604.471530  -3.352926  -3.318436  -3.286047  -3.245072  -0.040975   0.008586  -0.002101
 8604.472664  -3.345742  -3.319771  -3.285394  -3.248577  -0.036817   0.002440   0.008407
 8604.475222  -3.341813  -3.323977  -3.289855  -3.252907  -0.036948   0.002826   0.016286
 8604.476426  -3.353260  -3.324248  -3.288969  -3.250741  -0.038228   0.002949   0.006267
 8604.478579  -3.355929  -3.325713  -3.287320  -3.251879  -0.035440  -0.002953   0.008177
 8604.479794  -3.366571  -3.324504  -3.290794  -3.243315  -0.047479   0.013769  -0.008356
 8604.481866  -3.353742  -3.331595  -3.291283  -3.247799  -0.043484   0.003172   0.018165
 8604.483058  -3.335866  -3.332528  -3.290205  -3.248511  -0.041694  -0.000629   0.038984
 8604.485118  -3.317191  -3.328712  -3.286300  -3.251681  -0.034619  -0.007793   0.053933
 8604.488880  -3.341362  -3.333956  -3.295854  -3.259835  -0.036019  -0.002083   0.030696
 8604.489979  -3.352670  -3.330602  -3.294709  -3.256385  -0.038324   0.002431   0.013825
 8604.509667  -3.351962  -3.325989  -3.289972  -3.254090  -0.035882  -0.000134   0.010043
 8604.510789  -3.346551  -3.322282  -3.292164  -3.250382  -0.041781   0.011663   0.005850
 8604.512850  -3.350203  -3.323044  -3.288283  -3.249070  -0.039213   0.004453   0.007602
 8604.513880  -3.348016  -3.323051  -3.285824  -3.253518  -0.032307  -0.004920   0.012262
 8604.515998  -3.338337  -3.317387  -3.283879  -3.245349  -0.038530   0.005023   0.012558
 8604.517132  -3.327941  -3.316976  -3.280402  -3.247880  -0.032522  -0.004052   0.025609
 8604.519308  -3.339864  -3.311573  -3.278875  -3.240015  -0.038861   0.006163   0.004406
 8604.520489  -3.337391  -3.313766  -3.281247  -3.242368  -0.038879   0.006361   0.008894
 8604.522641  -3.330358  -3.318824  -3.277255  -3.247878  -0.029378  -0.012192   0.030035
 8604.523764  -3.329888  -3.314632  -3.278108  -3.234848  -0.043260   0.006736   0.021267
 8604.525859  -3.326854  -3.317163  -3.276106  -3.241916  -0.034190  -0.006867   0.031366
 8604.527051  -3.325678  -3.316537  -3.279567  -3.242080  -0.037488   0.000518   0.027830
 8604.532039  -3.339595  -3.319770  -3.285044  -3.248463  -0.036581   0.001856   0.014899
 8604.533127  -3.339469  -3.326630  -3.289383  -3.253136  -0.036246  -0.001001   0.024408
 8604.535454  -3.347709  -3.332609  -3.294379  -3.252484  -0.041894   0.003664   0.023131
 8604.536773  -3.348241  -3.332497  -3.291907  -3.255195  -0.036712  -0.003878   0.024845
 8604.538914  -3.342160  -3.340271  -3.298021  -3.258962  -0.039059  -0.003191   0.040362
 8604.540037  -3.347791  -3.338416  -3.298957  -3.259929  -0.039029  -0.000430   0.030084
 8604.542178  -3.338501  -3.332437  -3.293949  -3.253413  -0.040536   0.002049   0.032424
 8604.543336  -3.345020  -3.333736  -3.295891  -3.253772  -0.042120   0.004275   0.026560
 8604.545419  -3.356614  -3.336171  -3.298542  -3.257377  -0.041165   0.003536   0.017186
 8604.546623  -3.354389  -3.337309  -3.298399  -3.255517  -0.042883   0.003973   0.021830
 8604.548590  -3.352225  -3.332546  -3.291061  -3.251463  -0.039599  -0.001886   0.021805
 8604.549655  -3.354788  -3.333044  -3.292224  -3.253355  -0.038869  -0.001951   0.019076
 8604.553127  -3.333852  -3.332733  -3.295184  -3.248702  -0.046482   0.008932   0.036430
 8604.554250  -3.332909  -3.332551  -3.293684  -3.244352  -0.049332   0.010465   0.038510
 8604.556322  -3.341895  -3.327578  -3.289230  -3.253349  -0.035880  -0.002468   0.024031
 8604.557537  -3.347798  -3.328184  -3.292077  -3.249807  -0.042270   0.006163   0.016493
 8604.559551  -3.327313  -3.322798  -3.288732  -3.250119  -0.038612   0.004547   0.029551
 8604.560662  -3.340398  -3.328103  -3.292231  -3.254526  -0.037705   0.001832   0.023578
 8604.562711  -3.349250  -3.327799  -3.288154  -3.255360  -0.032795  -0.006850   0.018193
 8604.563752  -3.344613  -3.328961  -3.288959  -3.258951  -0.030008  -0.009994   0.024350
 8604.565847  -3.342956  -3.327128  -3.293325  -3.248222  -0.045104   0.011301   0.017974
 8604.566982  -3.343998  -3.327521  -3.291826  -3.250236  -0.041590   0.005895   0.019219
 8604.569134  -3.342319  -3.328121  -3.289897  -3.248918  -0.040979   0.002755   0.024026
 8604.570315  -3.334508  -3.326973  -3.289414  -3.252664  -0.036749  -0.000810   0.030025
 8604.572340  -3.350583  -3.327696  -3.289731  -3.251942  -0.037789  -0.000175   0.015077
 8604.573417  -3.353132  -3.329157  -3.290890  -3.250835  -0.040055   0.001788   0.014293
 8604.575512  -3.333542  -3.326041  -3.284241  -3.251887  -0.032354  -0.009446   0.034300
 8604.576692  -3.328707  -3.324996  -3.283548  -3.248916  -0.034633  -0.006815   0.037737
 8604.581727  -3.333508  -3.320419  -3.281467  -3.247752  -0.033715  -0.005236   0.025863
 8604.582873  -3.331962  -3.317496  -3.279187  -3.242274  -0.036913  -0.001396   0.023843
 8604.584945  -3.310346  -3.315846  -3.279255  -3.239932  -0.039322   0.002730   0.042092
 8604.585986  -3.323235  -3.313659  -3.279590  -3.247696  -0.031893  -0.002175   0.024492
 8604.609308  -3.363454  -3.338861  -3.301907  -3.262914  -0.038993   0.002039   0.012361
 8604.611380  -3.365992  -3.338202  -3.303072  -3.269989  -0.033083  -0.002047   0.007340
 8604.612491  -3.347181  -3.334208  -3.300474  -3.264217  -0.036258   0.002524   0.020761
 8604.614539  -3.347267  -3.338670  -3.302566  -3.265589  -0.036977   0.000873   0.027507
 8604.615743  -3.342406  -3.342097  -3.305058  -3.262367  -0.042692   0.005653   0.036730
 8604.617745  -3.336241  -3.333327  -3.293440  -3.253460  -0.039980   0.000094   0.036972
 8604.621982  -3.340834  -3.330534  -3.291408  -3.250949  -0.040458   0.001333   0.028826
 8604.624123  -3.336844  -3.329399  -3.291288  -3.253222  -0.038066  -0.000046   0.030667
 8604.625269  -3.343272  -3.326383  -3.290388  -3.255293  -0.035095  -0.000901   0.019107
 8604.627364  -3.328345  -3.322213  -3.288260  -3.249305  -0.038955   0.005001   0.027821
 8604.628521  -3.328614  -3.319177  -3.285218  -3.248939  -0.036279   0.002321   0.024521
 8604.630500  -3.337640  -3.318902  -3.282281  -3.242643  -0.039638   0.003018   0.017882
 8604.631530  -3.334968  -3.322051  -3.285014  -3.242442  -0.042572   0.005535   0.024119
 8604.633567  -3.327352  -3.323960  -3.282348  -3.248325  -0.034023  -0.007589   0.038220
 8604.634667  -3.334398  -3.326548  -3.288706  -3.242260  -0.046446   0.008605   0.029991
 8604.636739  -3.332743  -3.325975  -3.287212  -3.252485  -0.034727  -0.004035   0.031994
 8604.637931  -3.315287  -3.316314  -3.281189  -3.241816  -0.039373   0.004248   0.036152
 8604.639968  -3.338543  -3.323005  -3.284802  -3.249295  -0.035507  -0.002697   0.022666
 8604.641079  -3.341935  -3.325147  -3.285779  -3.246706  -0.039073  -0.000295   0.022580
 8604.643197  -3.347101  -3.330274  -3.293260  -3.253136  -0.040124   0.003110   0.020187
 8604.644296  -3.352018  -3.327893  -3.293935  -3.254304  -0.039631   0.005674   0.009832
 8604.646403  -3.339156  -3.334057  -3.296230  -3.251432  -0.044797   0.006971   0.032727
 8604.647583  -3.341914  -3.335637  -3.296950  -3.253905  -0.043045   0.004358   0.032411
 8604.649632  -3.338872  -3.330333  -3.292859  -3.250941  -0.041917   0.004443   0.028936
 8604.650743  -3.334516  -3.328645  -3.288086  -3.247076  -0.041010   0.000451   0.034688
 8604.652722  -3.332515  -3.326404  -3.283670  -3.249392  -0.034278  -0.008456   0.036624
 8610.439793  -3.354306  -3.313510  -3.281149  -3.245139  -0.036010   0.003649  -0.008436
 8610.441008  -3.351258  -3.316715  -3.282266  -3.244554  -0.037712   0.003264  -0.000094
 8610.443010  -3.335786  -3.314727  -3.280159  -3.242833  -0.037326   0.002758   0.013510
 8610.444098  -3.326477  -3.313345  -3.281812  -3.233870  -0.047942   0.016409   0.018401
 8610.446147  -3.338068  -3.316205  -3.281721  -3.238430  -0.043292   0.008807   0.012621
 8610.447166  -3.344518  -3.316366  -3.279578  -3.245575  -0.034003  -0.002785   0.008636
 8610.449226  -3.330237  -3.315591  -3.283453  -3.240325  -0.043127   0.010989   0.017492
 8610.450372  -3.334213  -3.318683  -3.283031  -3.246229  -0.036802   0.001149   0.020124
 8610.452513  -3.347035  -3.321865  -3.288567  -3.250383  -0.038184   0.004886   0.008128
 8610.453647  -3.328756  -3.324359  -3.290033  -3.249870  -0.040163   0.005838   0.029927
 8610.455707  -3.353715  -3.325840  -3.292022  -3.247253  -0.044769   0.010951   0.005943
 8610.456853  -3.353198  -3.328121  -3.292186  -3.253539  -0.038647   0.002713   0.010858
 8610.458983  -3.347560  -3.330518  -3.292954  -3.256094  -0.036860  -0.000703   0.020521
 8610.460140  -3.343776  -3.328275  -3.296934  -3.247245  -0.049689   0.018347   0.015840
 8610.462235  -3.358356  -3.329218  -3.295335  -3.252362  -0.042973   0.009090   0.004745
 8610.463404  -3.346610  -3.328357  -3.295719  -3.249560  -0.046159   0.013521   0.014386
 8610.465453  -3.329756  -3.327393  -3.292566  -3.246924  -0.045642   0.010814   0.032465
 8610.466529  -3.331731  -3.328193  -3.288767  -3.254331  -0.034437  -0.004989   0.035888
 8610.468635  -3.325604  -3.327382  -3.290192  -3.251186  -0.039006   0.001817   0.038967
 8610.469781  -3.348025  -3.323187  -3.288282  -3.254755  -0.033528  -0.001378   0.010068
 8610.475337  -3.337611  -3.324284  -3.287754  -3.250175  -0.037580   0.001050   0.023201
 8610.477467  -3.348287  -3.325136  -3.289166  -3.245045  -0.044121   0.008150   0.012820
 8610.478647  -3.352578  -3.333339  -3.297164  -3.254675  -0.042489   0.006315   0.016935
 8610.480684  -3.335814  -3.325694  -3.294252  -3.249751  -0.044501   0.013058   0.021323
 8610.481795  -3.341618  -3.327689  -3.292130  -3.252894  -0.039235   0.003676   0.021631
 8610.484990  -3.354509  -3.329682  -3.298185  -3.250413  -0.047773   0.016276   0.006670
 8610.487085  -3.340992  -3.329622  -3.292134  -3.255705  -0.036430  -0.001058   0.026118
 8610.489307  -3.327517  -3.329772  -3.294953  -3.253268  -0.041685   0.006867   0.037074
 8610.491564  -3.329722  -3.323847  -3.290180  -3.245116  -0.045064   0.011397   0.027792
 8610.492721  -3.327000  -3.322791  -3.285107  -3.241021  -0.044086   0.006402   0.033475
 8610.494828  -3.348918  -3.324905  -3.287838  -3.252228  -0.035610  -0.001457   0.013054
 8610.515823  -3.323820  -3.327125  -3.292961  -3.244816  -0.048145   0.013980   0.037470
 8610.517837  -3.365906  -3.328772  -3.297659  -3.256614  -0.041045   0.009932  -0.006021
 8610.518925  -3.360649  -3.329877  -3.297551  -3.256226  -0.041325   0.008999   0.001553
 8610.520950  -3.348687  -3.333309  -3.295236  -3.252211  -0.043026   0.004953   0.022696
 8610.521946  -3.350436  -3.334867  -3.294021  -3.257125  -0.036896  -0.003951   0.025277
 8610.524029  -3.359450  -3.335636  -3.296825  -3.254669  -0.042156   0.003345   0.014996
 8610.525129  -3.360867  -3.338092  -3.297813  -3.262503  -0.035310  -0.004968   0.017504
 8610.527270  -3.357429  -3.331748  -3.295758  -3.252569  -0.043189   0.007199   0.010310
 8610.528462  -3.339966  -3.334237  -3.291860  -3.251262  -0.040598  -0.001778   0.036647
 8610.530592  -3.323298  -3.329201  -3.291135  -3.249680  -0.041455   0.003389   0.043969
 8610.531691  -3.333825  -3.337750  -3.303166  -3.258862  -0.044304   0.009720   0.038509
 8610.533786  -3.349973  -3.328527  -3.291501  -3.255002  -0.036500  -0.000526   0.015580
 8610.534990  -3.340263  -3.329985  -3.293429  -3.251739  -0.041690   0.005134   0.026278
 8610.538230  -3.333577  -3.324747  -3.287853  -3.253982  -0.033871  -0.003023   0.028063
 8610.540325  -3.341537  -3.324670  -3.288692  -3.253913  -0.034779  -0.001198   0.019110
 8610.541355  -3.346700  -3.323183  -3.290919  -3.251664  -0.039256   0.006992   0.008746
 8610.543427  -3.341020  -3.327297  -3.293311  -3.251544  -0.041767   0.007781   0.020263
 8610.544573  -3.338967  -3.321715  -3.287458  -3.248071  -0.039387   0.005130   0.017005
 8610.546714  -3.338586  -3.320330  -3.281734  -3.242247  -0.039487   0.000892   0.020340
 8610.547918  -3.337979  -3.319656  -3.283180  -3.245140  -0.038039   0.001564   0.018153
 8610.549955  -3.342243  -3.318405  -3.285564  -3.244927  -0.040637   0.007796   0.009003
 8610.551020  -3.330932  -3.318588  -3.284093  -3.244699  -0.039394   0.004900   0.022150
 8610.553138  -3.335470  -3.317416  -3.283495  -3.244245  -0.039250   0.005330   0.015866
 8610.554307  -3.342837  -3.320019  -3.285873  -3.242955  -0.042918   0.008772   0.011328
 8610.556425  -3.331570  -3.323184  -3.285198  -3.247760  -0.037438  -0.000549   0.029601
 8610.557594  -3.333560  -3.319975  -3.285126  -3.247175  -0.037951   0.003102   0.021264
 8610.559666  -3.326605  -3.319446  -3.288273  -3.240881  -0.047393   0.016220   0.024013
 8610.560661  -3.336123  -3.321536  -3.286665  -3.248109  -0.038556   0.003684   0.020284
 8610.562744  -3.335715  -3.321045  -3.286427  -3.249154  -0.037273   0.002656   0.019947
 8610.563867  -3.338763  -3.323880  -3.289391  -3.252891  -0.036500   0.002011   0.019607
 8610.565962  -3.324349  -3.324266  -3.289523  -3.245888  -0.043635   0.008892   0.034660
 8610.567119  -3.323611  -3.324543  -3.290461  -3.248832  -0.041629   0.007548   0.035013
 8610.571668  -3.347637  -3.331756  -3.292912  -3.254214  -0.038698  -0.000147   0.022964
 8610.573786  -3.346636  -3.326557  -3.290358  -3.248133  -0.042224   0.006024   0.016121
 8610.574874  -3.367420  -3.326870  -3.288672  -3.251573  -0.037099  -0.001100  -0.002351
